网络: transformer, 层数: 0
['DRAM', 'SMEM', 'RF', 'LRF'] [1, 1, 4, 1024, 1024] [inf, 262144, 2048, 1]
[1, 4, 256, 1]
[[56.15365022, 41.52362497, 38.8398261 , 55.73208002, 26.5127252 ,
  43.0394936 , 42.38854759, 38.76391875],
 [83.54064306, 59.34556809, 38.75923768, 38.65681496, 54.45508313,
  27.12991242, 94.79016116, 78.07570425],
 [28.24061397, 51.47864992, 42.53858997, 56.35207405, 56.32255111,
  62.76769164, 54.62575441, 53.74387502],
 [51.88732223, 64.01299002, 40.24286319, 39.02569151, 31.85427795,
  66.76945464, 57.59866313, 43.03777836],
 [27.63330477, 58.01929649, 80.02832293, 77.34687542, 67.60799788,
  27.53128625, 43.85185904, 45.04324446],
 [32.04546802, 30.81026794, 40.47293641,  8.04699781, 45.51069381,
  42.62891691, 75.74209111, 57.4457867 ]]
['DRAM', 'SMEM', 'RF', 'LRF'] [1, 1, 4, 1024, 1024] [inf, 262144, 2048, 1]
[1, 4, 256, 1]
[[64.52419364, 18.37469383, 57.29363062, 10.50741455, 46.8728475 ,
  73.68894816, 86.22961958,  2.43012117],
 [17.85624192, 49.83597352, 66.45832119, 24.6662331 , 64.18677457,
  84.77208916, 66.81579349, 95.91342004],
 [48.69293167, 84.77743994, 74.61901988, 43.41616796, 57.24162462,
  65.03794535,  3.91453727, 22.04243975],
 [24.90411852, 83.18710849, 29.99634187, 45.78192323, 14.89123447,
  83.18710849, 59.02928835, 10.03643446],
 [67.2656971 , 39.29848382, 29.57116169, 24.88456016, 82.34968732,
   3.97080505,  5.91083587, 45.89670872],
 [43.53953557, 84.13552613, 44.87037442, 44.90282661, 57.76801454,
  58.81936335, 50.40533854, 37.44800725]]
['DRAM', 'SMEM', 'RF', 'LRF'] [1, 1, 4, 1024, 1024] [inf, 262144, 2048, 1]
[1, 4, 256, 1]
[[49.48356943, 59.68179178, 66.15295313, 72.55172934, 39.52901274,
  62.49443819, 44.85804726, 65.90036402],
 [84.97135574, 56.73242067, 51.50843768, 60.86944634, 71.22108561,
  41.86063217, 73.81725342, 72.48623536],
 [36.55629388, 46.40472991, 71.10993567, 50.8558608 , 17.89580272,
  40.80955879, 45.34503582, 71.23388435],
 [59.4258388 , 56.40272253, 20.26764127, 85.32719481, 55.76382879,
  50.38844445, 58.25905627, 70.7567885 ],
 [46.6310222 , 45.3950725 , 46.08459811, 54.02113253, 28.10777081,
  76.13144338, 49.24951931, 59.7625097 ],
 [39.11668685, 45.95747902, 58.12787736, 85.99922195, 21.47091559,
  93.05515079, 51.57154709, 61.42750524]]
['DRAM', 'GlobalBuffer', 'InputBuffer', 'WeightBuffer', 'AccumulationBuffer', 'Registers'] [1, 1, 16, 16, 16, 1024, 1024] [inf, 65536, 8192, 32768, 3072, 1]
[1, 16, 1, 1, 64, 1]
[[45.51044092, 11.87708528, 52.60476457, 12.95890805, 59.09367124,
  35.78689292, 21.86278181, 90.28942617],
 [82.59658555, 80.69550386, 35.62447626, 45.28001428, 86.64002368,
  36.86373962, 24.71014028, 26.66336118],
 [26.51168803, 40.66578235, 34.02009041, 28.13546569, 40.94591885,
  48.78334775, 31.08153943, 65.65264691],
 [34.68803637, 56.38209574, 53.22090656, 81.19425184, 56.70521764,
  38.68190299, 32.73138183, 47.73185637],
 [62.29889231, 25.30801226, 58.91057988, 55.55058215, 48.60908615,
  48.22885917, 52.03169753, 49.34339546],
 [30.1590832 , 39.58674126, 15.91897565, 46.69202763, 66.94211798,
  57.2233532 , 40.45422817, 31.74601506],
 [92.64257267, 53.58819349, 59.1278786 , 46.81212239, 42.03617699,
  31.03955037, 66.00088532, 59.9167275 ],
 [45.73120882, 39.16041201, 55.88228852, 61.19967504, 64.14119219,
  35.21704466, 73.03901924, 32.1181036 ]]
['DRAM', 'GlobalBuffer', 'InputBuffer', 'WeightBuffer', 'AccumulationBuffer', 'Registers'] [1, 1, 16, 16, 16, 1024, 1024] [inf, 65536, 8192, 32768, 3072, 1]
[1, 16, 1, 1, 64, 1]
[[19.28654069, 22.10815547, 57.75770062, 25.96220576, 26.09722473,
  82.4486351 , 23.68356342, 40.52157659],
 [14.44029839, 42.57727726, 95.92892018, 63.58292039,  8.2104539 ,
  98.52600397, 53.91605339, 76.49871415],
 [22.50231353, 98.38037613, 65.81270661, 47.52161569, 57.91936488,
  49.46799672, 34.13173431, 74.89761746],
 [55.11549062, 27.68263465, 37.67410438, 20.85353421, 11.80580404,
  62.69923627, 17.57861159, 53.00649286],
 [29.21738155, 31.44066029, 50.68093225, 90.44695107, 20.59759971,
   2.68817508, 52.31663238, 86.72389904],
 [72.59468408, 76.58735879, 31.68590202, 46.81655952, 28.30764455,
  30.23233223, 54.79616207, 13.38515238],
 [25.67497714, 25.31941324, 24.999572  , 93.67184663, 41.0481894 ,
  63.60821053, 79.62365164, 46.7478681 ],
 [15.71452244, 26.39840512, 90.34795524, 40.24134891, 63.50949141,
  47.55232098,  8.97511037, 21.37709239]]
['DRAM', 'GlobalBuffer', 'InputBuffer', 'WeightBuffer', 'AccumulationBuffer', 'Registers'] [1, 1, 16, 16, 16, 1024, 1024] [inf, 65536, 8192, 32768, 3072, 1]
[1, 16, 1, 1, 64, 1]
[[ 27.63932948,   4.47757049,  68.91504065,   4.3153109 ,  50.13930997,
   27.8696559 ,  71.51506184,  84.8797888 ],
 [ 60.9382568 ,  27.63735413,   8.09878139,  65.21716463, 125.89394778,
   15.62511201,  59.56236184,  71.26060083],
 [ 18.92500137,  31.45691996,   1.23905808,  68.8466957 ,  36.48679011,
    4.30823367,  59.5662313 ,  49.77752624],
 [ 97.64803291,  75.54807993, 133.95919338,  18.95304085,  25.64458253,
   75.71190234,  36.30834281,  12.04022535],
 [ 99.97726208,  64.49329828,  98.01859781,  45.12485743,  77.30901202,
   88.57862337, 110.54168066,  56.66985426],
 [ 68.74162943,  21.08540651,   2.20506969,  38.3855836 ,  89.5924342 ,
  119.9338119 ,  72.51545116,  51.70919041],
 [ 40.21590193,  24.73767293,  18.57924128,  63.03810495,   6.79448537,
   40.7981254 ,  72.8897923 ,  73.22383335],
 [ 93.4236591 ,   1.85842374,  53.46830613,  67.9180103 ,  83.59855722,
   72.75699382,  42.9418912 ,   3.64877798]]
['DRAM', 'GlobalBuffer', 'DummyBuffer', 'InputRegFile', 'WeightRegFile', 'PsumRegFile'] [1, 1, 16, 256, 256, 256, 256] [inf, 131072, 4, 12, 192, 16]
[1, 16, 16, 1, 1, 1]
[[ 72.82389774,  68.38070801,  88.06119787,  38.35709858,  55.52901882,
   35.62107466,  18.69170201,  35.75495046],
 [ 98.54614322,  15.31207005,  46.26541092,  37.0090084 , 126.4773236 ,
   78.14118753,  20.5393201 ,  85.72216991],
 [ 44.76235206,  78.6542346 ,  30.41214021,  63.43147819,  48.10310053,
   26.37215707,  63.14246068,  25.52996329],
 [ 37.0932879 ,  68.75040267,  64.33676593,  27.3484578 , 123.22020283,
   46.17896223,   9.27188001,  82.0469837 ],
 [ 86.57564353,  76.3696636 ,  54.70404876,   8.26635061,  58.44677825,
   36.46437816,  63.09868659,  75.61749063],
 [120.1317284 ,  26.41798521,  92.34253068,  12.64427016, 133.28866294,
   51.68259006,  46.25172445,  52.38136005],
 [ 67.94970253,  19.22351083,  49.18057882,  14.70228015,  75.46878811,
   31.35398105,  53.39464659,  65.20414437],
 [ 63.9230966 ,  56.6153403 ,  10.60978161,  59.85167782,  39.33077835,
   72.51740339,  33.45371824,  32.68686336]]
['DRAM', 'GlobalBuffer', 'DummyBuffer', 'InputRegFile', 'WeightRegFile', 'PsumRegFile'] [1, 1, 16, 256, 256, 256, 256] [inf, 131072, 4, 12, 192, 16]
[1, 16, 16, 1, 1, 1]
[[ 31.81024986,  23.85836409,  45.51698378,  40.30429212,  85.70352545,
   90.86582927,  80.34906013,  37.61932383],
 [ 84.34454027,  86.85822366,  32.98372113,  62.0389803 ,  16.11051163,
   73.9089836 ,  62.89267654,  24.86502158],
 [ 25.09428789,  17.76160056,  32.33059442,  70.7398726 ,  32.58568264,
   43.12959168,  62.656837  , 131.71623512],
 [ 51.47046706, 100.74199667,  35.52395954,  64.11568856, 108.62662877,
  115.87217963,  23.43540496,  49.65471033],
 [117.92024387,  21.42308129,  87.29414049,  94.52338502,  31.56389076,
   10.40594897,  21.25774484, 104.43408167],
 [115.61827592,  38.31243463,  30.4601204 ,  21.48581166, 184.36287951,
   34.59483687,  80.90973014,   1.24200501],
 [ 20.9815442 ,  38.29676238,  39.94623242,  68.36255847,  22.26884737,
   31.42474092,  23.09235496,  61.86291197],
 [129.32239063,  42.27851995,  28.93424625,  24.35677495,  23.91647303,
   52.95439446,   3.85188462,  42.36184399]]
['DRAM', 'GlobalBuffer', 'DummyBuffer', 'InputRegFile', 'WeightRegFile', 'PsumRegFile'] [1, 1, 16, 256, 256, 256, 256] [inf, 131072, 4, 12, 192, 16]
[1, 16, 16, 1, 1, 1]
[[90.08494886, 12.79871241, 33.29582658,  3.97858786, 76.26214449,
  42.28761547, 11.53837838, 48.18994688],
 [70.40408772, 44.24521369, 80.02241355, 39.46108163,  6.0230976 ,
  47.11728787, 94.27852727,  3.61112392],
 [90.50522281, 76.96459991, 93.59635941, 31.57966076, 66.87529566,
  42.09125386, 45.68460073, 43.05874199],
 [74.18900682, 68.52336961, 52.19913402, 14.40212926, 91.37091284,
  71.73598679, 95.96312915,  5.01793704],
 [72.74253066,  9.33760549, 19.73745472, 89.01220398, 51.78212638,
  24.95152074,  4.87699606, 92.42385619],
 [30.03465562,  8.737096  , 30.61316788, 34.32343768, 56.77887112,
  72.41054093, 56.97911833, 31.03750133],
 [26.05434356, 77.82549532, 32.87840522, 35.70434517, 98.71013026,
  54.5476446 , 82.94265419,  6.92958914],
 [91.56792795, 68.91290361, 87.9461306 , 33.53013466, 74.32285258,
  65.5745039 , 99.05702073, 68.85649204]]
网络: transformer, 层数: 1
['DRAM', 'SMEM', 'RF', 'LRF'] [1, 1, 4, 1024, 1024] [inf, 262144, 2048, 1]
[1, 4, 256, 1]
[[70.68071274, 77.66139078, 54.13637453, 77.48416377, 64.23407724,
  73.98351472, 53.40413028, 57.2595825 ],
 [58.98593943, 63.99232515, 92.51920461, 58.7710521 , 18.99229088,
  42.59030791, 31.90930439, 82.36961151],
 [57.45990522, 47.23846219, 36.4070409 , 31.52322987, 42.60547657,
  94.6256493 , 51.23113607, 61.22616184],
 [48.8645334 , 38.94934294, 85.42463597, 35.07891648,  3.36928684,
  78.23683677, 62.43825777, 83.87461032],
 [44.35152545, 24.19858921, 52.76357175, 40.78177095, 70.48245398,
  29.02898159, 53.48417119, 65.63477582],
 [23.81453262, 43.70666525, 20.98875815, 50.46590832, 27.64199771,
  66.92273652, 46.53341224,  4.93030019]]
['DRAM', 'SMEM', 'RF', 'LRF'] [1, 1, 4, 1024, 1024] [inf, 262144, 2048, 1]
[1, 4, 256, 1]
[[ 30.02170294,  53.50437518,  60.78409598,  47.4162298 ,   7.963865  ,
   42.69028038,  69.19036483,  83.54723977],
 [ 42.27674617,  97.73393786,  20.73436597,  38.53117009,  39.40493304,
   35.54406456,  23.41306769,  68.42906036],
 [ 47.85069145,  57.98502809,  65.56522226,  55.16209933,  23.48045798,
   67.50510239,  31.36501862,  48.51356218],
 [ 83.16319402,  41.12948844,  34.67054954,  66.1380353 ,  78.74832961,
   60.40225114,  71.70525042,  33.84982807],
 [ 42.64309551,  41.94415148,  85.13098085,  34.54027663, 106.40747483,
   54.44847995,  37.84112071,  52.60767357],
 [ 47.15715279,  96.88596555,  41.60764234,  58.59556656,  41.10952303,
   59.50218502,  22.48760582,  47.12728595]]
['DRAM', 'SMEM', 'RF', 'LRF'] [1, 1, 4, 1024, 1024] [inf, 262144, 2048, 1]
[1, 4, 256, 1]
[[52.53421504, 39.77408673, 43.75639641, 42.63181196, 32.58914806,
  22.7670029 , 36.3137729 , 83.08473272],
 [22.69647807, 24.48669565, 77.24782961, 59.647718  , 91.96398351,
  67.19503187, 62.03101725, 69.86670154],
 [46.78832159, 92.86246576, 39.45237682, 44.3248743 , 39.41872225,
  55.68033819, 65.29303322, 77.71539839],
 [67.55116749, 94.24780748,  2.75239859, 51.09230426, 80.92424244,
  75.53369765, 54.9351545 , 64.05440295],
 [32.58914806, 36.23547023, 83.20419886, 23.39729475, 52.21456293,
  42.96821075, 43.62075728, 39.55426784],
 [65.1720558 , 50.5125651 , 89.93146305, 13.11936252, 73.8470217 ,
  41.18263484, 79.40459028, 28.46666467]]
['DRAM', 'GlobalBuffer', 'InputBuffer', 'WeightBuffer', 'AccumulationBuffer', 'Registers'] [1, 1, 16, 16, 16, 1024, 1024] [inf, 65536, 8192, 32768, 3072, 1]
[1, 16, 1, 1, 64, 1]
[[ 48.88279202,  47.97901431,  58.60985086,  32.6837409 ,  41.01412253,
   48.51352894,  52.52380125,  52.71575307],
 [ 85.27059854,  83.04291001,  68.99692042,  30.92381635, 100.96630753,
   82.01247554,  83.88869517,  62.4977919 ],
 [ 67.80639804,  46.2388288 ,  38.80233462,  34.83354501,  52.67088172,
   46.69682838,  70.80662637,  68.03751857],
 [ 52.91846781,  34.28139677,  74.29436037,  52.41811624,  59.876343  ,
  116.87487493,  55.65084085,  56.62949618],
 [ 37.16269337,  45.5480096 ,  59.87779975,  58.33162074,  40.24696902,
   38.53899016,  62.01317985,  40.0251552 ],
 [ 74.01518432,  62.71656084,  62.1527902 ,  67.78872085,  51.93822433,
   96.66234423,  39.63799188,  25.3738795 ],
 [ 24.42764478,  41.54666747,  54.21052592,  24.26043673,  21.69152787,
   59.08179394,  31.61937144,  57.9255005 ],
 [ 39.69414544,  94.41616942,  25.25060845,  28.34742433,  42.28827159,
   78.99478813,  39.9684344 ,  29.71538311]]
['DRAM', 'GlobalBuffer', 'InputBuffer', 'WeightBuffer', 'AccumulationBuffer', 'Registers'] [1, 1, 16, 16, 16, 1024, 1024] [inf, 65536, 8192, 32768, 3072, 1]
[1, 16, 1, 1, 64, 1]
[[52.45611902, 54.97438622, 58.32319136, 42.64284202, 16.61679903,
  16.15524409,  4.38064046, 73.88831625],
 [38.13551476, 65.87369808, 44.40451839, 53.13933743, 38.23418078,
  76.96348944, 65.08741386, 82.90111201],
 [36.98491718, 52.13282144, 61.89333867, 20.21128715, 62.3806701 ,
  82.94785245, 66.69248543, 58.97497964],
 [35.53073526, 33.30090952, 13.93532825, 22.45334024, 72.61672253,
  95.6041082 , 88.23285645, 25.55843594],
 [48.20587561, 50.60982919, 69.09466249, 19.57625598, 60.55446939,
  54.89249515, 53.87975009, 49.52421471],
 [64.52645776, 44.19355638, 86.48414349, 53.43205967, 26.56587828,
  47.27007418, 29.32997445, 46.68387368],
 [86.40736124, 83.87758468, 49.4647695 , 20.72637021, 38.39835273,
  44.82457616, 34.89544142, 53.21802508],
 [17.8554424 , 17.00291631, 23.412511  , 65.3087458 , 65.41267646,
  79.98735597, 61.02439511, 67.67751034]]
['DRAM', 'GlobalBuffer', 'InputBuffer', 'WeightBuffer', 'AccumulationBuffer', 'Registers'] [1, 1, 16, 16, 16, 1024, 1024] [inf, 65536, 8192, 32768, 3072, 1]
[1, 16, 1, 1, 64, 1]
[[ 44.5800005 ,  23.54342426,  58.67546174,  46.4736628 ,  15.69624002,
   53.81563905,  54.66740145,  73.05471834],
 [ 91.77134059,  66.61019343,  43.36486458,  53.43870417,  90.81185114,
   83.40727852,  83.43045886,  53.08016829],
 [ 47.11464322, 111.86042471,  25.20257099,  61.6069943 ,  39.95932763,
   71.99631997,  28.71513127,  18.95850118],
 [ 67.03082991,  84.2373896 ,  33.73161133,  98.73694187,  71.86823261,
   41.29582026,  35.59297978,  33.10541921],
 [ 38.28706613,  59.54275462,  70.29335911,  36.75557723,  45.506923  ,
   29.30818162,   8.4300679 ,  25.16148333],
 [ 44.43878518,  34.48590258,  58.07652551,  46.48157855,  36.94814784,
   42.2466524 ,  50.17624098, 100.34618962],
 [ 20.78079767,  70.81335615,  71.1658113 ,  59.88950287,  20.73922192,
   26.50326763,  25.8506757 ,  35.40063308],
 [ 25.62015868,   9.53187687,  73.05122931,  38.91147454,  71.81303609,
   31.50832223,  99.71197   ,  29.30306333]]
['DRAM', 'GlobalBuffer', 'DummyBuffer', 'InputRegFile', 'WeightRegFile', 'PsumRegFile'] [1, 1, 16, 256, 256, 256, 256] [inf, 131072, 4, 12, 192, 16]
[1, 16, 16, 1, 1, 1]
[[44.57359642, 63.85805303, 40.84294257, 66.66229263, 70.89100164,
  89.02235616, 43.18595963,  7.24596749],
 [22.16727295, 31.96253202, 81.88571434, 34.48479326, 36.05494043,
  81.00515007, 25.8391939 , 65.11047886],
 [54.35081488, 55.43493883, 50.81957999, 81.42954543, 54.66182294,
  57.51709205, 64.95796334, 81.92916139],
 [63.66416731, 19.89032267, 22.36695194, 62.97695876, 58.5248719 ,
  80.06854619, 63.15054363, 55.62636626],
 [61.8283156 , 86.49902326, 46.63846737, 12.61149435, 38.86718257,
  21.44621115,  2.44693672, 53.56904832],
 [70.89630001, 86.65267709, 39.61318276, 56.64684183, 67.33941004,
  18.0956503 , 16.9010416 ,  8.97072856],
 [85.95091571, 45.70548311, 83.77025541, 71.83059978, 45.9668296 ,
  70.57279415, 67.09590505, 65.24562169],
 [75.66781119, 46.79730843, 80.30845201, 25.95129268, 35.56965399,
  63.48850474, 43.21778447, 41.73472506]]
['DRAM', 'GlobalBuffer', 'DummyBuffer', 'InputRegFile', 'WeightRegFile', 'PsumRegFile'] [1, 1, 16, 256, 256, 256, 256] [inf, 131072, 4, 12, 192, 16]
[1, 16, 16, 1, 1, 1]
[[ 61.08653955,  63.72761433,  89.7527974 ,  46.64958935,  84.45713697,
   44.89524034,  68.47442605,  77.81560539],
 [ 13.23015147,  56.52613701,  43.06813936,  41.14055318,  58.03739278,
   95.44341477, 108.38076695,  22.05311955],
 [ 69.21030093,   3.99587266,  85.67042562,  59.53587052,  43.03538324,
   61.0237359 ,  44.47915548,  38.93342685],
 [ 22.19837023,  31.2985779 ,  25.28237293,  35.66114843,  79.26950395,
    8.86239397,  45.80047937,  57.7829965 ],
 [ 73.60391803,  56.974825  ,  42.9123249 ,  52.92964243,  51.84545048,
   23.83854795,  53.1896237 ,  44.60888826],
 [ 79.87247689,  48.32780722,  91.80524807,  49.58976944,  51.10023921,
   85.58120928,  36.77261752,  76.0255361 ],
 [ 50.96196825,  37.67672976,  18.66137831,  20.35915204,  40.02888638,
   60.89027725,  23.89668768,  74.56985607],
 [ 53.32818755,  33.92666032,  35.82008424,  28.67250665,  24.06992852,
   52.42483546,  70.81029744,  17.90515614]]
['DRAM', 'GlobalBuffer', 'DummyBuffer', 'InputRegFile', 'WeightRegFile', 'PsumRegFile'] [1, 1, 16, 256, 256, 256, 256] [inf, 131072, 4, 12, 192, 16]
[1, 16, 16, 1, 1, 1]
[[24.34461955, 73.93879395, 27.37007083, 38.98223638, 38.8611311 ,
  32.14087454, 61.76359612, 27.18841299],
 [28.11238957, 90.56598158, 54.54623198, 81.10200517, 63.87509011,
  87.70311521, 70.60287328, 56.67699168],
 [64.82746058, 19.78553597, 75.70861207, 10.00957912, 52.60731485,
  49.9620125 , 69.51049245, 11.26397574],
 [41.33967226, 64.17523001, 42.76969024, 32.08902493, 51.78652685,
   2.74158395, 45.91702464, 45.16893092],
 [77.2087062 , 53.83011224, 52.99218434, 33.99002309, 25.24695083,
  32.80920677, 48.54092442, 26.22340933],
 [56.53334843, 58.4057645 , 48.55949712, 27.12401377, 35.73044178,
  43.44678871, 62.25016037, 73.13585194],
 [71.77205157, 41.8623369 , 35.50719279,  1.72319771, 48.24634186,
  12.87801438, 24.70664919, 32.60383239],
 [19.21795949, 36.48814975, 85.13038078, 45.24385452, 50.20714869,
  27.18873247, 60.77491016, 53.43108119]]
网络: transformer, 层数: 2
['DRAM', 'SMEM', 'RF', 'LRF'] [1, 1, 4, 1024, 1024] [inf, 262144, 2048, 1]
[1, 4, 256, 1]
[[59.99634033, 53.36165868, 79.98017679, 90.0837537 , 13.12064106,
  71.73328191, 53.54391035, 34.3134261 ],
 [25.60442462,  2.48572635, 37.59846774, 27.60235635, 23.1968492 ,
  12.78715764,  8.86384556, 89.63990368],
 [ 2.64184532, 56.38643838, 10.56842601, 63.62161681, 65.06254752,
  23.96569411, 16.45639899, 47.34644239],
 [49.10221718, 66.0729852 , 54.91620738, 25.32593362, 68.5023173 ,
  20.38806211, 91.0870738 , 63.09097592],
 [68.86135111, 43.01215946, 31.70415955, 41.30895114, 85.98226483,
  34.53416242, 72.31840246, 60.69264345],
 [62.2278272 , 40.21465795, 60.53006369, 22.46089372, 45.79364009,
  37.68764257, 53.27472639, 26.70796877]]
['DRAM', 'SMEM', 'RF', 'LRF'] [1, 1, 4, 1024, 1024] [inf, 262144, 2048, 1]
[1, 4, 256, 1]
[[85.41623169, 36.5877121 , 34.3712946 , 41.9682753 , 63.58144886,
  75.17610477, 77.24075944, 89.060446  ],
 [52.34375179, 45.12284128, 32.10831475, 66.85782843, 67.81220443,
  37.06799269, 50.81892066, 94.90845342],
 [27.90670875, 62.55590675, 14.36589734, 55.34256824, 79.5701203 ,
  31.46759567, 70.72885521, 44.80712584],
 [52.77035261, 49.60672862, 67.94074218, 43.72253314, 45.26052156,
  88.88661074, 64.61477187, 31.86738912],
 [48.25892132, 35.16443418, 19.99507724,  5.43952153, 16.81691586,
  63.14602834, 65.16296358, 17.41225878],
 [39.66746261, 59.7615288 , 92.44261046, 65.33699022, 35.37996955,
  57.698955  , 15.40729195, 58.23848916]]
['DRAM', 'SMEM', 'RF', 'LRF'] [1, 1, 4, 1024, 1024] [inf, 262144, 2048, 1]
[1, 4, 256, 1]
[[ 24.71727052,  35.54511572,  33.9083402 ,  21.26996083, 111.38851665,
   24.53263888,  45.77416866,  93.48144702],
 [ 83.24121377,  15.10298017,  32.38420127,  93.90732144,  90.18421712,
   46.84160082,  35.36489973,  32.38420127],
 [ 55.02569297,  63.01762165,  24.77767902,  72.71913641,  90.13483986,
   39.64466779,  51.37250361,  76.56688725],
 [ 35.41657959,  66.71425782,  79.90333027,  72.91951676,  91.34826961,
   86.91205278,  46.95025888,  76.28240359],
 [ 71.96297484,  66.30293976,  25.72189758,  42.05770968,  24.26849041,
   55.21727168,  36.66669633,  95.64557722],
 [ 79.8134287 ,  23.96808942,  33.01376417,  54.82491198,  39.56597117,
   46.21734631,  43.89038879,  59.60920949]]
['DRAM', 'GlobalBuffer', 'InputBuffer', 'WeightBuffer', 'AccumulationBuffer', 'Registers'] [1, 1, 16, 16, 16, 1024, 1024] [inf, 65536, 8192, 32768, 3072, 1]
[1, 16, 1, 1, 64, 1]
[[ 31.19055935,  56.00557489,  62.34137932,  72.61759801,  26.5983637 ,
   17.38243199,   7.22351292,  66.93914596],
 [ 55.55038252,  37.77752256,  71.32847257,  50.10026008, 104.50371905,
   65.16095688,  46.53730055,  35.30543864],
 [ 71.94029314,  82.5745501 ,  36.59057198,  41.58695174,  41.36659336,
   41.50267035,  71.99662983,  82.08003394],
 [ 29.21759868,  60.05741789,  19.65956971,   6.15280018,  43.73469536,
   80.28607763,  80.74836715,  60.92077799],
 [ 27.88972762,  91.95306446, 103.54923718,  31.52849175,  11.57303872,
   10.92989728,  33.95008517,  30.39408908],
 [ 62.11388922,  59.52440997,  42.70302358,  76.67551824,  34.08024355,
   74.28487978,  17.08129445,  35.3364795 ],
 [ 72.41242168,  99.57659919,  98.12554823,  45.40852752,  22.363337  ,
   68.01661221,  60.46153535,   6.58563295],
 [ 80.8317673 ,  32.52939925,  42.30641633,  68.67873616,  47.12002546,
   54.53412663,  32.31517435,  27.57737716]]
['DRAM', 'GlobalBuffer', 'InputBuffer', 'WeightBuffer', 'AccumulationBuffer', 'Registers'] [1, 1, 16, 16, 16, 1024, 1024] [inf, 65536, 8192, 32768, 3072, 1]
[1, 16, 1, 1, 64, 1]
[[ 37.65013095,  27.13761216,  87.64645395,  70.44732106,  74.49698425,
   33.76846501, 139.28996754,  72.22368565],
 [ 44.38985314,  17.05983541,  92.30139257,  25.34663551,  53.41814129,
   71.30453098,  42.27633624,  38.19403702],
 [ 34.60333761,  49.89522926,   1.43352124,  59.8725788 ,  55.90107861,
   50.16704009,  32.98238597,  80.63794613],
 [ 66.375763  ,  49.1836063 ,  59.55281143,  67.22900878,  21.92750578,
   18.15542061,  88.80898787,  46.13952089],
 [ 83.22809646,  93.01163217,  71.5423887 ,  51.91624683,  67.76202019,
   26.72901999,   6.32997781, 154.16956475],
 [ 44.80181283,  22.801797  ,  39.78969414,  42.28434009,  50.2567886 ,
   54.31404447,  18.53587893,  65.75858306],
 [ 75.26550862, 134.30595953,   4.54333408, 102.46083814,   6.42551729,
   33.46967112,  54.27679801,  32.8046965 ],
 [  1.26425255,  51.62110619,  15.72813304,  28.61212242,  58.70344407,
   54.24181576,  61.3514208 ,  32.37602903]]
['DRAM', 'GlobalBuffer', 'InputBuffer', 'WeightBuffer', 'AccumulationBuffer', 'Registers'] [1, 1, 16, 16, 16, 1024, 1024] [inf, 65536, 8192, 32768, 3072, 1]
[1, 16, 1, 1, 64, 1]
[[ 54.72640656,  35.25746593,  34.51921737,  11.96082874,  32.91147968,
   58.09508015, 102.08170269,  33.49203265],
 [ 56.70366743,  76.96387855,  21.00871823,  21.56465158, 130.07181817,
   80.84294814,  40.11488802,  53.6083991 ],
 [ 15.04482696,  61.25866772,  61.4284986 ,  14.74182443,  47.58659745,
   55.95597017,  72.77146569, 147.79463852],
 [ 34.14461373,  32.55126897,  71.20333441,  34.29033213,  57.36655907,
   79.09127841,  21.84657877,  36.24885196],
 [ 22.99642655,  17.26201535,  29.71575447,  50.92500972,  88.45236693,
   54.28707799,  65.64377977,  24.09059639],
 [132.97778145,  43.95099815,  77.77172751,  26.04809636,  49.75042879,
   73.17059318,  64.28950038,  29.97940792],
 [ 83.49551283,  22.25502448,  48.16055092,  68.93808917,  29.17374357,
   72.09065938,  52.20845837,  39.27752408],
 [ 27.01631991,  51.84981191,  85.009321  ,  37.31818578,  38.1887486 ,
   30.53719238,  55.1000713 ,  54.16937454]]
['DRAM', 'GlobalBuffer', 'DummyBuffer', 'InputRegFile', 'WeightRegFile', 'PsumRegFile'] [1, 1, 16, 256, 256, 256, 256] [inf, 131072, 4, 12, 192, 16]
[1, 16, 16, 1, 1, 1]
[[ 76.59308027,  52.34338366,  75.50407618,  25.77268722, 131.60577287,
   36.8752718 , 101.5913858 ,  62.44531232],
 [ 86.66792202,   3.07903591,  17.69057203,  86.77654303,  70.82404865,
   95.19722205, 141.99912089,  65.85089862],
 [ 27.41409371,  54.36717666,  57.56044818,  46.27067378,  54.63436079,
    7.63960524,   4.75139658,  63.50793861],
 [ 64.16373639,  22.49230329,  12.83340422,  75.24207197,  87.1674394 ,
   38.42502886,   9.31456433,  67.50927195],
 [ 65.233265  ,  34.28384088,  35.53952623,  20.21446711,  57.5582921 ,
   33.34684496,  87.50179421,  97.48078721],
 [ 56.44828306,  89.80067906,   5.23935821,  37.23268647,  83.2607334 ,
   18.29370631,  20.73072027,   7.52320221],
 [ 66.50031909,  42.45175811,   7.88450016,   7.32027968,  66.52039727,
   12.13319471,  40.10766536,  82.11249835],
 [104.03969568, 135.98548792,  12.73973552,  16.65107885,  40.36159141,
   13.42291101,  30.18177936,  40.6691138 ]]
['DRAM', 'GlobalBuffer', 'DummyBuffer', 'InputRegFile', 'WeightRegFile', 'PsumRegFile'] [1, 1, 16, 256, 256, 256, 256] [inf, 131072, 4, 12, 192, 16]
[1, 16, 16, 1, 1, 1]
[[ 26.06175372,  48.07784174,  69.04198128,  43.70146616,  70.35606252,
   95.49857255,  47.62621927,  42.4355353 ],
 [140.03078704,  54.53864775,   7.37385896,  29.95572694,   1.61609394,
   40.56886622,  26.36712741,  14.2958045 ],
 [ 69.75658483,  45.93802266,  36.1579891 ,  47.8767667 ,  39.73639285,
   32.52619339,  66.9649297 ,  79.57360735],
 [158.2149978 ,  50.81703894,   8.4840449 ,  72.10178235, 144.21463487,
    9.14078209,  96.88308627,  12.38260406],
 [ 41.15389495,  28.53302558,  70.68779322,  20.05630164,  11.82606388,
   59.99870175,   9.77343877,   8.9110616 ],
 [ 63.40304453,  34.7522169 ,  65.35499694,   3.84734616, 105.80848158,
   30.98537282,  23.99500622,  45.07838346],
 [ 49.20581866,  61.39975087, 107.98223814,  68.40274146,  53.08264267,
   79.56865888,  67.37261925,  71.26199392],
 [ 58.29680473,  14.70649185,  44.64411107,  67.71035794,   3.49160578,
   79.92379503,  60.54868134,  64.488468  ]]
['DRAM', 'GlobalBuffer', 'DummyBuffer', 'InputRegFile', 'WeightRegFile', 'PsumRegFile'] [1, 1, 16, 256, 256, 256, 256] [inf, 131072, 4, 12, 192, 16]
[1, 16, 16, 1, 1, 1]
[[ 74.06581293,   4.77856087,  25.56444681,  23.86870293,  99.55836294,
   92.94779975, 121.02376088, 123.32711719],
 [ 57.68307315, 100.22676865,  89.40521301,  21.33549678,   2.67915412,
   71.10339561,   0.31869408,  11.55323282],
 [ 22.60120187,  22.002086  ,  34.31112989,  29.92362114,  33.88534071,
   23.77057569,  23.04855204,  29.75671435],
 [162.58841038,  17.0791079 ,  69.11854831,   2.42723341, 179.24873567,
   11.49200709,  52.88026889,  27.97268573],
 [ 28.70761351,  24.28646356,  24.96962724,   7.81632337,  45.02561591,
   10.76234332,  30.50260305,  62.41954218],
 [ 70.09321777,  97.93540043,  38.06686242,  31.91922318, 117.48113615,
   85.67860975,  57.88629402,  10.94198679],
 [ 59.65000848,  10.87677874,  83.88111934,  17.52727662,  17.86261287,
   70.06399874,  78.73061033,  89.77608938],
 [ 21.52419561,  72.62141967,  23.06051372,  61.53335662,  23.5349477 ,
   64.49770135,  94.79391963,  63.57871705]]
网络: transformer, 层数: 3
['DRAM', 'SMEM', 'RF', 'LRF'] [1, 1, 4, 1024, 1024] [inf, 262144, 2048, 1]
[1, 4, 256, 1]
[[ 76.12560377,  43.00747059,  96.55634835,  92.22072896,   2.60257789,
   89.47973005,  11.21070662, 106.34467435],
 [ 71.03713787,  71.82022823,  98.86480055,  63.69505185,  76.5173028 ,
   53.95927327,  20.76605759,  87.71935385],
 [119.58768249,  75.01449989, 138.8610233 ,  58.1514832 , 120.11674398,
   76.15316673,  68.43542052,  21.7634476 ],
 [ 70.75915619,  52.08393537,  22.54395961,  15.59424392,  37.97980281,
  100.4314207 ,  12.11115922,  44.90340897],
 [100.68205068,  60.51937538,  78.86730603,  52.46485683,  68.79376367,
   18.25420256,  17.34255932,  27.30741649],
 [ 28.9389659 ,  67.11089354,   9.89539425,   5.27622853,  10.57271453,
   22.10052503,  53.36465288,  13.19846637]]
['DRAM', 'SMEM', 'RF', 'LRF'] [1, 1, 4, 1024, 1024] [inf, 262144, 2048, 1]
[1, 4, 256, 1]
[[ 13.39798916,  95.02720971,  31.12031531,  87.04207049,  26.53249949,
   97.65346396,  21.25673059,  69.47924821],
 [ 98.66764506,  87.81717175,  78.55529069,  61.00204347,  35.77226038,
   22.87266891, 122.15774464,  67.94728934],
 [ 44.6763403 ,  33.71991669,  69.88930592,  75.79991184,  58.25880553,
   64.97509396,  27.91774465,  40.94798363],
 [ 49.51495106,  20.2152586 ,  92.27429761,  99.72521233,  57.00160626,
   87.51148118,  63.33953327,  48.01790472],
 [ 79.50837143,  31.01635845,   3.73774369,  24.56016359,  44.34273729,
   56.92725677,  52.52713975,  40.45083603],
 [ 47.96119079,   4.93201849,  83.5384369 ,  72.02999927,  30.48038113,
   77.42297522,  37.6910306 ,  16.77400077]]
['DRAM', 'SMEM', 'RF', 'LRF'] [1, 1, 4, 1024, 1024] [inf, 262144, 2048, 1]
[1, 4, 256, 1]
[[ 76.15417368,  38.85461844,  18.54983468,  20.57952158,  43.71090572,
   34.16983505,  38.41527358,  59.4297149 ],
 [ 76.72811264,  52.01476017,  34.66160652,  87.37848068,  82.05328886,
   56.40049543,  60.22511662,  63.76824202],
 [ 38.90555638,  37.09525314,  44.12535762,  49.03970646,  56.95503027,
   50.70599837,  67.35364122,  81.75910618],
 [ 36.61608239,  77.32196815, 105.69760534,  56.53900003,  92.65972756,
  117.24456338, 138.32954117,  82.57472931],
 [ 74.75939653,  41.8505773 ,  70.50189906,  74.63619815,  55.32651142,
   48.88316854,  76.34276502,  33.00887524],
 [ 50.6648173 ,  44.91427163,  40.85506324,  57.19092852,  54.55310528,
   42.80896732,  62.50304162,  38.17359494]]
['DRAM', 'GlobalBuffer', 'InputBuffer', 'WeightBuffer', 'AccumulationBuffer', 'Registers'] [1, 1, 16, 16, 16, 1024, 1024] [inf, 65536, 8192, 32768, 3072, 1]
[1, 16, 1, 1, 64, 1]
[[ 24.33031126,  73.25302018,  71.07498427,  66.89743466,  51.22882746,
    8.22318823,  33.49020022,  79.26342287],
 [ 28.62894487,  63.57116087,  28.5571286 ,  15.0134032 , 103.77923869,
  131.97361103,  43.05025436, 111.34304558],
 [ 53.73910526,  76.8263146 ,  58.6656165 ,  23.04975768,  35.50198739,
   60.37377688,  51.11847718,  72.29081898],
 [ 54.59421106,  76.58951349,  55.14823202,  68.34826973,  34.72658929,
   98.67098381,  57.13027965,  66.95067134],
 [ 94.95761086,  67.65271841,  91.13476148,  48.14755235,  44.68819715,
   55.95285862,  91.13365811,  63.66023311],
 [ 26.65856957,  28.8032829 ,  20.71231832,  30.05997039,  34.81444822,
   11.52200953,  45.65316427,  54.07839481],
 [ 62.25319264,  33.21024915,  23.39000445,  35.00404002,  39.67520953,
   48.1140683 ,  38.79048944,  22.03101691],
 [ 49.40407881,  93.20366104,  34.93431155,  21.40450494,  44.84884041,
   68.75421275,  38.40008374,  46.74070854]]
['DRAM', 'GlobalBuffer', 'InputBuffer', 'WeightBuffer', 'AccumulationBuffer', 'Registers'] [1, 1, 16, 16, 16, 1024, 1024] [inf, 65536, 8192, 32768, 3072, 1]
[1, 16, 1, 1, 64, 1]
[[94.59611823, 76.35865014, 84.94686562, 45.31896314, 95.84311953,
  53.83690678, 14.85458273, 70.48709286],
 [92.33067033, 99.87467977, 78.86820789, 71.1659604 , 89.71583497,
  34.52165232, 43.63680435, 97.30693044],
 [51.9058108 ,  9.14828305, 65.5820568 , 47.30835822, 73.77761183,
  85.4873865 , 80.79923765, 38.18735524],
 [45.37669371, 97.6676708 , 73.89143408, 26.73380444, 95.55577432,
  82.97475593, 76.39321155,  4.76355601],
 [25.1296999 , 39.92902444, 69.07865109, 11.01797983, 21.29606589,
  44.68015273, 83.42569233, 59.9012577 ],
 [50.55638183, 21.74339677, 95.18483042, 52.97455084, 12.55214996,
   3.83961017, 42.18011677, 13.10760666],
 [37.3952275 , 99.38411189, 39.90275375, 16.52359579, 41.22417075,
  45.36252827, 74.11778647, 33.01324137],
 [72.77254295, 24.68941599, 40.80748682, 79.39552302, 89.02183651,
   4.9942399 , 19.3408279 , 57.4186838 ]]
['DRAM', 'GlobalBuffer', 'InputBuffer', 'WeightBuffer', 'AccumulationBuffer', 'Registers'] [1, 1, 16, 16, 16, 1024, 1024] [inf, 65536, 8192, 32768, 3072, 1]
[1, 16, 1, 1, 64, 1]
[[ 36.35621868,  28.5187767 ,  24.52674912,  36.93541084,  60.44097946,
   18.64140384,  31.9780772 ,  59.93486342],
 [ 55.28926145,  35.29938509,  23.6936096 ,  65.41404787, 104.5517058 ,
  101.19203996,  74.51039138,  28.31810805],
 [ 61.10786059,  50.89469435,  47.1962784 , 129.70235973,  55.03751257,
   79.5572588 ,  28.71449583,  34.55560829],
 [ 39.03997761,  47.96246522,  26.9305574 ,  49.59252434,  41.67163877,
   78.16356716,  32.80948636,  48.72610327],
 [ 30.56042229,  36.72968802,  33.61560289,  24.32480911,  39.91257589,
   22.74820289,  57.45459738,  33.78719099],
 [ 47.56840694,  45.64717235,  60.21936846,  44.74970996,  50.58190889,
   63.09479396,  44.54483648,  39.15128951],
 [ 55.77974072,  69.74001946,  54.42221926,  30.20477113,  28.97348886,
   54.19253299,  16.57660099,  38.93454517],
 [ 20.99635773,   7.02723213,  38.28101431,  42.90963851,  51.20815464,
   42.94066906,  29.54588814,  18.98685961]]
['DRAM', 'GlobalBuffer', 'DummyBuffer', 'InputRegFile', 'WeightRegFile', 'PsumRegFile'] [1, 1, 16, 256, 256, 256, 256] [inf, 131072, 4, 12, 192, 16]
[1, 16, 16, 1, 1, 1]
[[ 33.15752284, 121.00447829,  52.74926516, 111.99932612,  76.69150168,
   76.57624978, 107.27637597,  61.55432688],
 [ 82.58531942,  13.68907036,  58.45642616,  15.44539392,  51.47184143,
   92.25013574,  32.18903409,  28.30334324],
 [ 45.67779501,  43.57915521,  15.17931324,  22.80235434,  45.76498541,
   21.85625759,  23.19638514,  59.33089285],
 [ 57.19972316,  48.51704329,  16.66646943,  63.67514744,  56.98869801,
   10.32972011,  91.39549147,  56.71720512],
 [ 47.93668118,  39.31897132,  56.77182281,  70.0261318 ,  39.03827822,
   49.61389399,  59.2132211 ,  65.06529713],
 [ 47.49758801,  70.81627425,  89.68936884,  43.0922646 ,  78.48208414,
   49.86292264,  74.28590132,  59.2483656 ],
 [ 66.36758168,  22.90845922,  21.80321671,  76.7630691 ,  38.97614364,
   33.49816047,  47.95078011,  17.69641169],
 [ 42.65254265,  37.72362319,  89.98814597,  71.83517469,  22.27353641,
   54.14654172,  32.18814525,  30.45891507]]
['DRAM', 'GlobalBuffer', 'DummyBuffer', 'InputRegFile', 'WeightRegFile', 'PsumRegFile'] [1, 1, 16, 256, 256, 256, 256] [inf, 131072, 4, 12, 192, 16]
[1, 16, 16, 1, 1, 1]
[[ 53.63429824,  44.05491016,  35.85500467,  79.98694581,  38.92878236,
   66.21638915, 138.76479507,  81.19749797],
 [ 14.06282145,  52.35193216,  58.5698659 , 136.80413211,  90.49083606,
   46.01555915,  40.96258988,  69.58610597],
 [ 12.80394117,  26.74066392,  54.41743115,   9.40437733,  23.15207549,
   19.0954203 ,   3.95943103,  17.11912994],
 [ 47.79315284,  96.86869988,  71.11278264,  15.42521454, 123.48937351,
   24.06019925,  28.78536771,  42.77990966],
 [ 81.69692591, 157.86541414,  95.59201458, 152.43846486,  33.20476829,
   16.25350202,  11.06513232,  47.94359376],
 [ 40.72145083,  50.53435259,  58.04075125,  32.29618014, 132.87211738,
   48.12596349,  90.93996626,  66.64068782],
 [ 42.50770063,  34.11426554,  28.98743902,  20.26196073,  26.38875146,
   21.45829581,  64.63032583,  30.81599589],
 [ 45.5103932 , 103.46383525,   8.45830247,   7.22315916,  13.03556646,
   27.06710674,  29.93183365,  45.08106156]]
['DRAM', 'GlobalBuffer', 'DummyBuffer', 'InputRegFile', 'WeightRegFile', 'PsumRegFile'] [1, 1, 16, 256, 256, 256, 256] [inf, 131072, 4, 12, 192, 16]
[1, 16, 16, 1, 1, 1]
[[ 38.22058438,  78.4478646 ,  91.15483537,  26.11738486,  23.40229947,
   20.32653959,  64.94992963,  21.44278201],
 [ 18.00739078,  59.05955198,  38.48432615,  18.47524493,  47.0695431 ,
   87.64430398,  55.76668541,  19.37129877],
 [ 53.75826081,  88.89870824,  80.98444515,  29.81708504,  14.76700014,
   55.2306262 ,  57.31022735,  37.15362494],
 [145.12646672,  67.13861204,  71.02066203,  37.45733162,  97.62677918,
   38.14027169,  51.39521286,  79.74291616],
 [ 29.03883582,  78.29642756,  82.63885983,  61.87537184,  56.6614873 ,
   37.78999422,  76.12767908,  40.96324644],
 [  9.00203968,  62.47999667,  75.98960114,  19.70042989,  44.42514341,
   56.47017647,  17.19542992,  88.87222701],
 [ 42.95956953,  36.38764987,  27.71058791,  36.09404485,  26.25370842,
   76.42779285,  79.26577653,  70.04136139],
 [ 12.77732545,  44.43776875,  43.33166987,  79.04509575,  65.97831054,
   20.02651106,  22.20553555,  49.42561227]]
网络: transformer, 层数: 4
['DRAM', 'SMEM', 'RF', 'LRF'] [1, 1, 4, 1024, 1024] [inf, 262144, 2048, 1]
[1, 4, 256, 1]
[[ 13.66958226,  87.78611678,  70.30088166,  37.35333588,  64.41818776,
   92.00753423,  35.03694203,  38.22033806],
 [ 45.60033308,  71.54113264,  72.19866771, 121.25289071,  59.51337497,
   31.41729484,  11.76851879,  56.19753652],
 [ 25.42802736,  53.04515942,   2.27964696,  62.99323587,  86.84870887,
   38.4252874 ,  54.09114145,  22.78543431],
 [ 49.64688185,  44.98793508,  23.34445501,  10.25090788,  30.78971438,
   36.27098694,  58.15954746,  79.35527329],
 [ 65.34234714,  79.24084506,   7.2212777 ,  53.82318443,  51.83393895,
   52.06357455,  88.31025379,  37.13386928],
 [ 68.68245728,  63.58531615,  91.4706127 ,  63.39542112,  29.47823873,
   49.28576034,  50.11408707,   1.96637608]]
['DRAM', 'SMEM', 'RF', 'LRF'] [1, 1, 4, 1024, 1024] [inf, 262144, 2048, 1]
[1, 4, 256, 1]
[[  6.33143606,  29.87571594, 147.82171586,  49.18607453,  90.74805696,
   95.75344661,  78.44524729,  86.84695628],
 [ 35.54936516,  73.94938401,  28.77604127,  21.17554124,  31.56659442,
   92.00288642,  41.3885723 ,  95.70269987],
 [ 24.24463527,  67.62595899,   1.75727531,  54.45862838,  44.07777113,
   71.30945792,  66.69252407,  42.35914632],
 [ 68.51079031,  83.17226719,  28.96034694,  66.18801395,  30.98591942,
   89.62818651,  82.79056606,  71.16698993],
 [ 12.27192116,  82.09744678,  20.07287672,  29.20638127,  74.27544636,
   56.60490948,  41.84784823,   3.96419995],
 [ 40.1589687 ,  44.94331563,  64.20379487,  14.74953103,  36.04540574,
   62.50183406,  36.28098672,  48.02817873]]
['DRAM', 'SMEM', 'RF', 'LRF'] [1, 1, 4, 1024, 1024] [inf, 262144, 2048, 1]
[1, 4, 256, 1]
[[33.28166122, 82.81098238, 25.66939278, 40.37399342,  2.48449843,
  45.28343787, 60.19973576, 78.11792888],
 [45.60245573, 89.82016187, 43.00704122, 95.79634156, 92.65123469,
  42.48475719,  1.50643823, 94.14520897],
 [13.79369412, 80.43340285, 73.00249537, 85.0238405 , 99.07916347,
  35.29086064, 69.16559634, 58.84319784],
 [33.71609539,  1.71141458, 98.68130311, 86.52225905, 35.85858548,
  80.75713757, 38.45109181, 47.78789297],
 [56.86012675, 24.01300723, 12.22668438, 60.50199591, 71.6969337 ,
   5.26558431, 69.81809356, 13.77675364],
 [25.07662832, 66.77607501, 45.9532188 , 22.90461268, 24.85529727,
  16.65970906, 79.93718228, 27.79827633]]
['DRAM', 'GlobalBuffer', 'InputBuffer', 'WeightBuffer', 'AccumulationBuffer', 'Registers'] [1, 1, 16, 16, 16, 1024, 1024] [inf, 65536, 8192, 32768, 3072, 1]
[1, 16, 1, 1, 64, 1]
[[45.26575778, 13.00728516, 30.6707501 , 84.46324245, 45.67549145,
  35.07449628, 16.3686058 , 63.04037354],
 [31.68171659, 23.80325047, 27.51413633, 52.83029845, 98.35471402,
  18.60252216, 87.19954863, 73.01612304],
 [76.97524706, 53.06066845, 32.72556454, 19.01252846, 59.24119076,
  13.45193106, 47.51798008,  4.65492643],
 [96.35399674, 25.99944981, 81.75858318, 26.9081191 , 69.51909429,
  73.83289611, 44.66860499, 56.31994795],
 [ 3.83942413,  8.41549032, 43.31080441, 29.84907558, 70.61675364,
  25.8635008 , 18.42170997, 44.10834643],
 [20.47481118, 24.08172291,  3.26413062, 59.88139857, 14.03841287,
  67.82782175,  1.14313703, 45.50610667],
 [68.34060747, 33.90107833, 51.61285359, 73.33273704, 27.11385224,
  51.79491217, 50.61430995, 18.41354255],
 [32.52656653, 32.87686279, 29.85925315, 93.72581409, 53.71489499,
  55.85033242, 14.32773242, 23.9931338 ]]
['DRAM', 'GlobalBuffer', 'InputBuffer', 'WeightBuffer', 'AccumulationBuffer', 'Registers'] [1, 1, 16, 16, 16, 1024, 1024] [inf, 65536, 8192, 32768, 3072, 1]
[1, 16, 1, 1, 64, 1]
[[ 47.24098743,  43.45664432,  65.28957789,  69.16185613, 120.69053049,
   36.82551729,  51.97559464,  63.46978887],
 [ 32.41508218,  72.99007968,  34.86312573,  16.31213751,  86.61254868,
   48.73070402,  70.66586762,  81.1682079 ],
 [ 30.42633431,  31.0761899 ,  31.10928993,  87.96716584,  38.72540524,
   37.21960433,   8.79765706,  42.13960473],
 [ 36.84056247,  93.78324619,  44.64926937,  79.59520041,  88.85825866,
   98.13859542,  17.67855425,  44.36036329],
 [ 77.16448781,  55.97484008,  31.72724156,  20.64759613,   6.85426496,
    7.14160147,  80.53197912,  40.18661443],
 [ 52.48826865,  17.0936601 ,  43.3536032 ,  57.01209673,  59.34414249,
   50.71197443,  74.99462869,  10.74806086],
 [128.90768803, 121.41395597,  79.27046207,  50.72809193,  56.35675776,
   66.52036719,  25.95002375,  60.36806808],
 [ 79.57981257,  64.62322392,  67.87152945,  40.78631954,  52.77553271,
   52.3187637 ,  28.92437464,  46.20729074]]
['DRAM', 'GlobalBuffer', 'InputBuffer', 'WeightBuffer', 'AccumulationBuffer', 'Registers'] [1, 1, 16, 16, 16, 1024, 1024] [inf, 65536, 8192, 32768, 3072, 1]
[1, 16, 1, 1, 64, 1]
[[ 36.94829319,  54.22997211,  67.42063776,  44.2902709 ,  38.2407632 ,
   74.45050504,  95.29504763, 120.13821338],
 [ 34.86862399,  54.97335791,  88.09538331,  16.9425974 , 132.85948443,
   33.77650956,  69.13489494,  71.14136497],
 [ 56.79325847,  85.01291173,  35.71437447,  42.61934059,  91.24366142,
   25.36960515,  27.54254352,  55.00819494],
 [ 45.92732397,  49.16682105,  20.24637221,  66.96076289,  45.17734089,
  104.08165459,  72.2513534 ,  19.34901904],
 [ 39.19074212,  76.06279943,  59.90628262,  71.90074917,  43.75969579,
   49.16934692,  37.71090099,  30.74114802],
 [ 51.90179414,  62.58859977,  43.49487202, 108.17975347,  18.71482005,
   54.87813886,  89.64361172,  86.36178775],
 [ 51.26140122,  51.15404678,  10.75427697,  72.41726578,  15.49718184,
   22.82909722,  33.15876237,  33.64514266],
 [ 85.12040249,  42.49531906, 137.37962531,  17.72106042,  13.34548134,
   43.44244036,  85.10787313,  41.11481001]]
['DRAM', 'GlobalBuffer', 'DummyBuffer', 'InputRegFile', 'WeightRegFile', 'PsumRegFile'] [1, 1, 16, 256, 256, 256, 256] [inf, 131072, 4, 12, 192, 16]
[1, 16, 16, 1, 1, 1]
[[35.22357742, 47.37289777, 53.95621068, 51.37003409, 38.55750722,
  79.18074644, 33.32261701, 64.90683585],
 [70.50360145, 81.3205827 , 68.51815412, 55.05789942, 81.95675236,
  74.19385608, 42.0356638 , 57.86411935],
 [68.97803266, 89.19023895, 67.62958392, 66.8459526 , 69.69750677,
  48.90062319, 29.2128442 , 61.74985381],
 [52.69360867, 44.75803013, 60.00617645, 55.75670973, 75.06321079,
  49.47373248, 74.03155118, 36.61574339],
 [51.58720291, 38.42787117, 80.31337191, 36.75255031, 50.66887794,
  59.60301907, 55.96804864, 46.18110964],
 [65.60366578, 78.43977762, 33.22910228, 59.26454292, 68.09784643,
  66.18957581, 80.28786659, 44.10713957],
 [47.6975313 , 50.65858889, 20.75574031, 79.68176236, 36.37006782,
  47.20464829, 44.92766853, 54.36556589],
 [53.38398735, 49.42095512, 61.48417013, 25.78353201, 58.4710168 ,
  63.51836118, 50.5903158 , 52.77381487]]
['DRAM', 'GlobalBuffer', 'DummyBuffer', 'InputRegFile', 'WeightRegFile', 'PsumRegFile'] [1, 1, 16, 256, 256, 256, 256] [inf, 131072, 4, 12, 192, 16]
[1, 16, 16, 1, 1, 1]
[[ 33.18782415,  30.47117104,  85.47757306,  36.69926849,  94.6078762 ,
  116.4511406 ,  24.25545254,  62.08646687],
 [ 62.34075929,  17.83789548,  32.39759511,  31.02423529,  65.06856423,
   75.17736007,  73.37636017,  72.03984842],
 [ 37.48007504,  14.60098525,  53.45599445,  46.29305864,  56.60045637,
   56.09192667,  37.4123486 ,  39.56623063],
 [ 91.86000694, 112.04177014,  15.59319761,  53.94326467,  84.02648544,
   33.34163518,  79.87968692,  45.75407359],
 [ 61.32878772,  38.23137914,  70.32592294,  45.92347291,  33.79852003,
   57.04999124,  49.82839916,  61.41033634],
 [ 79.49673167,  35.66846134,  21.33936273,  42.65958396, 110.04675828,
   84.28673788,  98.43264703,  59.57384623],
 [ 62.91153621,  84.96478493,  48.31274307,  68.73135103,  37.90554933,
   46.59081716,  38.90824734,  46.53872551],
 [ 77.61862709,  72.76241597,  53.49781751,  27.01295342,  35.72244108,
   51.73266414,  40.11699418,  30.28178141]]
['DRAM', 'GlobalBuffer', 'DummyBuffer', 'InputRegFile', 'WeightRegFile', 'PsumRegFile'] [1, 1, 16, 256, 256, 256, 256] [inf, 131072, 4, 12, 192, 16]
[1, 16, 16, 1, 1, 1]
[[96.76141946, 64.45645438, 91.58725551, 11.8077519 , 97.01197192,
  19.66283528,  6.36462011, 60.29287579],
 [75.37904031, 90.33925528, 75.78963601, 18.28128172, 45.89088673,
  45.34996475, 23.22486923, 86.9516154 ],
 [62.6910832 , 80.33677919, 29.20301756, 68.5451518 ,  7.07216203,
  13.93073858, 72.65941826, 22.23198004],
 [22.17932767, 94.75618571, 99.94912596, 21.50020648, 15.76203408,
   5.19399647, 45.29411616, 95.05822061],
 [19.35513263, 57.62078571, 80.98720554, 17.43936487, 19.79405687,
   4.59050576, 20.78797726, 29.92375216],
 [56.12047075, 67.13923811,  2.18721076, 78.93620224, 71.09673301,
  37.67545161,  4.72764285, 12.73111684],
 [ 4.47754428, 38.35199021, 20.68591374, 56.39006458, 33.02340257,
  35.74318127,  4.85184844,  9.94896987],
 [55.2939606 , 82.21176914, 82.5762935 ,  6.29548062, 35.14178887,
  21.34916004, 84.46249646,  2.79681382]]
网络: transformer, 层数: 5
['DRAM', 'SMEM', 'RF', 'LRF'] [1, 1, 4, 1024, 1024] [inf, 262144, 2048, 1]
[1, 4, 256, 1]
[[ 30.07738677,  54.30303951,  62.07373325,  24.78219419,  32.15068504,
   72.61633814,  24.87464159,  48.40159073],
 [ 18.90750254,  51.36776268,  61.07600219,  33.36180413,  66.4942651 ,
   64.58958738,  53.50595692,  91.7301139 ],
 [ 18.68791989,  94.61873336,  37.69284947,  42.41813405,  74.92306408,
   41.37094392,  36.20980691,  36.11264732],
 [ 57.43306899,  39.97276313,  23.94464195,  49.17651998,  73.03719292,
   48.0061214 ,  46.92083786,  85.20971636],
 [ 20.12405828,  42.80200285,  17.87866162,  71.46469924,  57.61065958,
   20.56663504,  14.70661392,  68.4977401 ],
 [ 13.34693033,  64.40418094, 106.89331571,  19.62976855,  40.44390896,
   36.15133764,  89.27144684,  45.32197294]]
['DRAM', 'SMEM', 'RF', 'LRF'] [1, 1, 4, 1024, 1024] [inf, 262144, 2048, 1]
[1, 4, 256, 1]
[[ 17.63727654,  33.56982811,  27.69442798,   6.34456132,  69.19602473,
   29.01865534,  90.93579004,  77.86541014],
 [ 79.49446237,  25.12758268,  64.30061532,  12.83616065,  37.6101893 ,
   84.45694444,  14.2605199 ,  70.06205439],
 [ 40.9961107 ,  11.32707226,  31.61979937,  38.05032098,  52.64128152,
   20.60322529,   9.78604881,  33.93796405],
 [ 38.3082381 ,   3.08216692,  66.26480659,  62.29586867,  61.34513863,
   30.40230731,  57.99980284,  55.45258964],
 [ 34.95316031,  91.08168479,  68.29815209, 104.96186818,  22.23463762,
   23.47739962,  96.54513106,  38.99366806],
 [ 28.2356914 , 130.61650064,  99.49227134,   7.7461206 ,  15.08342772,
   50.89335383,  21.18822712,  21.21555929]]
['DRAM', 'SMEM', 'RF', 'LRF'] [1, 1, 4, 1024, 1024] [inf, 262144, 2048, 1]
[1, 4, 256, 1]
[[ 10.58363858,  54.04689653,   6.79361914,  26.57097723,  64.06279029,
   90.30377903,  57.42358012,  59.83060975],
 [ 46.24840622,  88.958798  ,  19.46244812,  66.03471726,  79.95399978,
   91.92507725,   7.43559077,  66.06118836],
 [ 65.93018653,  44.89883847,  69.11749108,  10.13154157,  85.80134318,
   25.95757187,  39.69009953,  17.71746961],
 [ 26.51666352,  49.37939072,  54.29727292, 100.69365094,  22.21528636,
   70.57973823,  65.88543643, 110.89118125],
 [ 61.79946003,  91.82318813,  74.98879816,  67.69739622,  19.73705728,
    7.08001843,  72.30175321,  65.20182512],
 [ 35.318255  ,  77.23921897, 100.92853325,  35.50232806,  26.41513653,
   84.99216028,  73.23146788,  52.5859454 ]]
['DRAM', 'GlobalBuffer', 'InputBuffer', 'WeightBuffer', 'AccumulationBuffer', 'Registers'] [1, 1, 16, 16, 16, 1024, 1024] [inf, 65536, 8192, 32768, 3072, 1]
[1, 16, 1, 1, 64, 1]
[[ 55.09670958,  49.74841305,  86.85651092,  46.24361785,  54.19953052,
  167.72294373,  55.82877174, 142.1964722 ],
 [ 48.60083171,  28.51168621,  49.16480608,  38.27131226, 200.76600445,
   40.90618098,  46.93118662,  66.56542264],
 [ 82.84932158,  45.36872199,  42.27028298,  55.51820588,  54.94363731,
   72.58260125,  30.33114705,  48.97896145],
 [ 88.23350249,  45.05324071,  77.21833706,  57.98542889,  59.64860082,
   97.92412555,  51.87065042, 121.08395398],
 [ 75.88220881,  53.83419924,  40.06591903,  41.61381296,  77.00986273,
   70.84470421,  71.06673702,  87.61158066],
 [ 84.49996019,  46.21367865,  22.58049136,  40.48423057,  55.12868034,
   42.10930725, 120.15814032,  83.66230409],
 [ 80.49490182,  54.58189492,  54.02033336,  63.84786956,  46.05197909,
   37.12131157,  48.80556137,  60.81007643],
 [ 75.69769011,  37.17121671,  44.91209602,  27.0873387 ,  90.34826785,
   65.11889091,  26.87970973,  60.55044682]]
['DRAM', 'GlobalBuffer', 'InputBuffer', 'WeightBuffer', 'AccumulationBuffer', 'Registers'] [1, 1, 16, 16, 16, 1024, 1024] [inf, 65536, 8192, 32768, 3072, 1]
[1, 16, 1, 1, 64, 1]
[[ 56.8712518 ,  52.33490426,  63.88041553,  14.56742928, 102.50203929,
   99.16134575,  60.36820992, 124.67250208],
 [ 30.61492121,  61.96111218,  28.65320588,  76.56478451, 132.33925585,
   77.74916876,  49.06581831,  55.37252318],
 [ 48.37679285,  46.09802445,  36.04710889,  32.70727155,  87.42592278,
   49.9309527 ,  56.35791593,  47.89192936],
 [ 39.12448306,  41.13857301,  69.45054488,  78.22506032,  18.47167807,
   56.82412336,  95.92073406,  74.53790212],
 [ 19.41484784,  40.70644711,   1.74617191,  26.5373952 , 130.17786379,
   61.92723398,  78.21981433, 196.00827595],
 [ 30.98149063,  24.68048976,  47.853203  ,  71.86844001,  46.61584085,
   63.19953903,  96.63079383,  66.88229006],
 [ 68.28617349,  31.44500397,  40.28488286,  41.41190175,  37.40895352,
   59.96387383,  62.3304489 , 116.54518324],
 [ 24.1702035 ,  51.58843895,  78.98455149,  77.09071549,  40.68012489,
   45.55945308,  56.14706614,  48.69335356]]
['DRAM', 'GlobalBuffer', 'InputBuffer', 'WeightBuffer', 'AccumulationBuffer', 'Registers'] [1, 1, 16, 16, 16, 1024, 1024] [inf, 65536, 8192, 32768, 3072, 1]
[1, 16, 1, 1, 64, 1]
[[ 49.21006612,  41.84470931,  63.69632291,  41.89153298,  66.33882964,
   54.91069952,  40.20592154,  25.72231304],
 [ 26.91837194,  24.28326541,  51.82263511,  46.82516561, 169.71220694,
   45.570646  ,  71.2796215 ,  43.45027841],
 [ 83.51526472,  70.65852957,  54.34773791,  80.59100288,  36.73762286,
   52.65423606,  50.15405298,  82.97012517],
 [ 44.00300398,  26.02502311,  40.68574477,  60.76502349,  42.48237459,
   85.41044325,  75.40570904,  43.06338385],
 [ 91.44312332,  85.72377009,  72.2854747 ,  40.50049728,  57.3572698 ,
   69.14460876,  25.66017048,  38.74707318],
 [ 53.58777864,  39.98547211,  86.05223635,  55.17299338,  46.01187509,
   41.40197508,  62.31921574,  65.94780867],
 [108.25032164, 105.3591577 ,  79.26626024,  45.01877368,  97.38706917,
   68.63419512,  61.76964153,  58.2222255 ],
 [ 68.31365636,  77.14012273,  37.9278528 ,  21.81292328,  84.69944812,
   68.3414057 ,  18.77919487,  38.14160232]]
['DRAM', 'GlobalBuffer', 'DummyBuffer', 'InputRegFile', 'WeightRegFile', 'PsumRegFile'] [1, 1, 16, 256, 256, 256, 256] [inf, 131072, 4, 12, 192, 16]
[1, 16, 16, 1, 1, 1]
[[93.13098881, 36.99978139, 48.40896239, 79.30078764, 33.90676376,
  46.19414099, 97.87748108, 90.69897354],
 [20.73596776, 49.33960347, 39.76577567, 97.85200495, 80.26808132,
  89.19074132, 10.5132093 , 75.14444024],
 [31.29828905, 14.62808304, 26.88941081, 53.12647192, 38.1894187 ,
  58.73203756, 84.43097194, 32.59485529],
 [32.7194358 ,  2.08558505, 55.11276919, 52.64902121, 96.08660573,
  89.69823975, 50.77954022, 18.08022884],
 [29.14446205, 75.05756367, 64.74076194, 78.80438395, 13.64866431,
   1.03135055, 50.46517175, 93.58641823],
 [79.63872645, 81.17621675, 43.11409996, 81.30937667, 88.32339928,
  23.8419419 , 22.45640264, 38.88059573],
 [ 1.52306093, 71.62824609, 93.57419634, 84.11548519, 62.17002315,
  47.62179212, 39.13600985, 53.81990141],
 [40.39071452, 57.21064144, 13.72363218, 45.20899516, 15.02097502,
  53.07440483, 85.44115573, 53.56522012]]
['DRAM', 'GlobalBuffer', 'DummyBuffer', 'InputRegFile', 'WeightRegFile', 'PsumRegFile'] [1, 1, 16, 256, 256, 256, 256] [inf, 131072, 4, 12, 192, 16]
[1, 16, 16, 1, 1, 1]
[[ 46.28716298,  48.75878681,  45.23275362,  44.32242926,  81.09352507,
   83.77272403,  70.64161786,  65.04789408],
 [ 90.21198482,  50.65691008,  29.46001945,  75.42908893,  64.14377321,
   58.65805569,  80.841097  ,  45.23555772],
 [ 47.97387327,  40.51828157,  32.60940243,  27.18324448,  35.092871  ,
   55.00674435,  31.02216746,  19.94329859],
 [ 18.7940989 ,  83.93851828, 129.57701856,  41.89514126, 124.41966678,
   68.30840654,  74.69020549,  55.30663479],
 [ 11.86554224,  44.7326568 ,  76.7674243 ,   3.22129199,   8.32236257,
   36.57469083,  55.79210719,  76.78061485],
 [ 22.3052339 ,  59.35724473,  84.85424952,  77.76293682, 106.64272572,
   64.54788868,  71.2753272 ,  30.76549723],
 [192.63829622,   6.79550576,  53.69840604,  84.70007906,  10.16619396,
    8.49199509,  14.90932915,  55.2915238 ],
 [ 33.80576936,  21.03760672,  74.88111434,  48.68344349,  33.8343484 ,
   29.3979395 ,  10.1049362 ,  10.08167054]]
['DRAM', 'GlobalBuffer', 'DummyBuffer', 'InputRegFile', 'WeightRegFile', 'PsumRegFile'] [1, 1, 16, 256, 256, 256, 256] [inf, 131072, 4, 12, 192, 16]
[1, 16, 16, 1, 1, 1]
[[ 50.54055857, 104.41008271,  28.18075779,   7.82983734,  12.9095541 ,
  143.64381457,  36.65290579,   8.27094738],
 [ 63.84077394,  64.65304876,  63.84077394,  64.87722697,  73.56929261,
   85.01440737,  38.16709769,  38.41673001],
 [ 11.4088206 ,  42.6630417 ,  59.28975788,  74.76982195,  13.21700781,
   11.27076684,  17.6847608 ,  68.45615756],
 [ 60.68690019,  21.27045058,  76.16983005,  96.78081367,  80.56709571,
   34.00373847,  32.00901238,  59.00234144],
 [ 28.13132071,  63.33313392,  33.2838731 ,  21.30293399,  18.75553622,
   77.82224135,  98.51478753,  54.43536275],
 [ 63.39256182,  35.36675585,  77.40038329,  10.04690755, 103.62655909,
   38.24188385,  17.42628209,  31.19379267],
 [ 47.71096901,   4.85242571,  19.68930288,  16.56912209,   1.85411872,
   71.60512547,   7.37490955,  74.07519775],
 [ 43.28316134,  72.04810816,  60.17200251,  93.94320174,  50.96469978,
  106.64380434,  19.30122295,  49.53723262]]
网络: transformer, 层数: 6
['DRAM', 'SMEM', 'RF', 'LRF'] [1, 1, 4, 1024, 1024] [inf, 262144, 2048, 1]
[1, 4, 256, 1]
[[ 89.10547063,  37.01952565,  12.82977932,  40.76702025,  54.1068546 ,
  100.29265   ,  24.83885901,  40.20742808],
 [ 39.37405291,  38.70980669,  44.27831355,  78.78210069,  66.8254228 ,
   37.06187374,  54.24395124,  72.30512478],
 [ 53.49538711, 112.74727659,  83.28950544,  51.13035282,  45.71323879,
   20.65822076,  50.51642992,  61.25361987],
 [ 44.76897376,  76.71991686,  19.22304349,  50.03255523,  84.89315013,
   72.39160194,  40.02484086,  33.38828847],
 [ 52.16207457,  66.4719369 ,  71.88409424,  43.83891272,  61.62563764,
   55.39122389,  70.10434208,  54.70924312],
 [ 22.32436812,  53.19076208,  37.79645293,  27.62680808,  22.11337453,
   68.23509501,  30.77482865,  34.14409563]]
['DRAM', 'SMEM', 'RF', 'LRF'] [1, 1, 4, 1024, 1024] [inf, 262144, 2048, 1]
[1, 4, 256, 1]
[[68.69024974, 86.08419529, 35.74405467, 29.98181678, 34.19954642,
  42.75476762, 84.48660475, 40.84030854],
 [43.47376008, 44.77972186, 95.31800085, 42.27973769, 80.69745891,
  69.43915073, 24.37241733, 97.03270221],
 [30.84478974, 60.90994649, 28.31850051, 66.82762135, 36.19949724,
  71.538793  , 71.14994056, 62.18334822],
 [65.60012908, 42.29404872, 19.64816363, 49.8888698 , 90.50578642,
  65.7909029 , 44.82219594, 40.2008842 ],
 [71.0884256 , 58.30549088, 25.52197682, 35.61736825, 66.52574161,
  48.76653862, 29.23551073, 65.63269753],
 [51.18872427, 44.98511337, 37.00242806, 55.82962718, 25.29899178,
  44.08138163, 40.99164378, 27.62333678]]
['DRAM', 'SMEM', 'RF', 'LRF'] [1, 1, 4, 1024, 1024] [inf, 262144, 2048, 1]
[1, 4, 256, 1]
[[102.34714418,  56.36223483,  44.54072081,  77.35025114,  44.31468173,
   59.7784709 ,  61.97353598,  66.23498967],
 [ 53.6326623 ,  53.78535457,  64.60614187,  64.60614187,  54.78347411,
   18.81562646,  88.26073826,  27.63423604],
 [ 68.46295324,  69.51399912,  43.26244834,  57.96545986,  49.82364374,
   47.74233818,  50.36005486,  64.3835672 ],
 [ 66.82784267,  46.83817303,  47.94717126,  45.4826347 ,  25.48694851,
   86.02458147,  54.32289253,  85.80183586],
 [ 65.49066568,  92.14183631,  67.04027851,  66.73224512,  10.16865529,
   43.48589159,  37.71415458,  55.11554061],
 [ 25.67298795,  38.07060993, 117.12101623,  26.42906302,  12.02988024,
   36.92259241,  92.74826373,  17.14626117]]
['DRAM', 'GlobalBuffer', 'InputBuffer', 'WeightBuffer', 'AccumulationBuffer', 'Registers'] [1, 1, 16, 16, 16, 1024, 1024] [inf, 65536, 8192, 32768, 3072, 1]
[1, 16, 1, 1, 64, 1]
[[  8.23762051, 106.14763427,  59.71621552, 102.8505075 ,  36.73213786,
   50.61631619,  37.96449568,  63.49001544],
 [ 31.51979938,  50.09498981,  63.03244772,  48.63264789, 132.61399144,
   44.29548804,  48.96686766,  69.11072128],
 [ 89.98355966,  76.4657515 ,  59.38060017,  35.21340772,  59.27137243,
   22.51089375,  51.97591595,  99.71027398],
 [ 42.51687538,  84.29886926,  29.89203088,  94.34252956,  40.12093802,
   64.43921961,  78.35985703,  81.85762216],
 [ 97.01073561,  75.84529013,  20.67526329, 136.64421999,  43.99480781,
   41.64651714,  61.83879215,  15.6384551 ],
 [ 82.73729185,  69.04190818,  31.55124802,  27.55231202,  37.76095214,
   51.44039601,  73.58913216,  34.87091857],
 [ 90.98072562,  51.69037461,  58.87167927,  13.86032502,  44.09688491,
   46.27125576,  74.20669106,  55.92080169],
 [ 40.9846245 ,  30.49740039, 133.54675645,  38.90903208,  31.57765428,
   35.17819981,  33.14757288,  38.75443737]]
['DRAM', 'GlobalBuffer', 'InputBuffer', 'WeightBuffer', 'AccumulationBuffer', 'Registers'] [1, 1, 16, 16, 16, 1024, 1024] [inf, 65536, 8192, 32768, 3072, 1]
[1, 16, 1, 1, 64, 1]
[[ 37.51421562,  78.35807008,  27.60952077,  49.57910204,  51.35889947,
   50.34329179,  62.97778422,  45.47247291],
 [ 80.71967741,  71.36654602, 100.82089398,  27.32298464,  18.50510855,
  150.2418305 , 116.30876268,  29.40550773],
 [ 41.37470373,  25.77615042,  45.07541399,  72.99640372,  83.9948425 ,
   62.00474552,  22.83930443, 157.45996491],
 [ 41.82830097,  53.75657216,  83.61905568,  70.03779891, 120.31341228,
   45.38987597,  51.83471189, 126.74438514],
 [ 26.84014185,  48.91466994,  54.91071668,  78.6633014 ,  14.66778104,
   36.78011229,  95.26160186,  84.19316652],
 [ 27.19572143,  65.99460807,  60.87159998, 167.28031079,  78.70231336,
   55.88803784,  35.64427737,  53.79864958],
 [ 42.98234911,  61.68387984,  40.82641203,  67.36751411,   9.62068158,
   18.08586707,  44.79238599,  44.72036968],
 [ 40.68751824,  69.96666023,  76.93910499,  53.73965254,  78.22666892,
   14.80171897,  77.51289318,  16.11273432]]
['DRAM', 'GlobalBuffer', 'InputBuffer', 'WeightBuffer', 'AccumulationBuffer', 'Registers'] [1, 1, 16, 16, 16, 1024, 1024] [inf, 65536, 8192, 32768, 3072, 1]
[1, 16, 1, 1, 64, 1]
[[50.79906838, 53.67146117, 33.25622875, 60.30608895, 48.61325613,
  58.27338103, 45.83993268, 81.41400841],
 [26.26403425, 33.86162774, 15.2238422 , 68.95500708, 88.45423921,
  87.29511938, 42.03311596, 56.93720685],
 [43.18028064, 43.05984923, 54.71676588, 43.07562916, 62.17441163,
  64.80215963, 65.30724085, 19.96112253],
 [67.93672823, 49.36787346, 33.6860425 , 60.74553478, 48.87292767,
  56.97893026, 72.98777623, 71.8313353 ],
 [61.67279856, 39.63883705, 44.61440526, 26.35799961, 55.29232049,
  40.27587327, 59.12007764, 42.93694764],
 [76.27896815, 51.86773797, 78.50311382, 38.07210088, 38.81407418,
  23.25332154, 53.16592557, 70.2693916 ],
 [44.33417098, 50.46433099, 72.44388883, 28.04421748, 37.51766822,
  25.19942925, 64.76239011, 70.21179297],
 [43.10325127, 58.17502876, 64.59001323, 78.97745336, 56.92040136,
  26.11478959, 21.55089687, 56.68200511]]
['DRAM', 'GlobalBuffer', 'DummyBuffer', 'InputRegFile', 'WeightRegFile', 'PsumRegFile'] [1, 1, 16, 256, 256, 256, 256] [inf, 131072, 4, 12, 192, 16]
[1, 16, 16, 1, 1, 1]
[[36.77567994, 66.70217429, 48.48129919, 48.32569136, 86.19166955,
  83.18892921, 29.42705312, 43.02920491],
 [22.180475  , 60.30606268, 27.4869347 , 55.74834911, 48.43323315,
  36.86330578, 64.30492555, 47.41504684],
 [83.94267631, 65.49042577, 51.30682298, 62.40044199, 39.94064717,
  48.23008138,  8.05803462, 60.21580261],
 [41.82412697, 84.97964861, 35.14882015, 32.29410274, 75.22809858,
  94.81108376, 41.16011517, 51.4386938 ],
 [63.32044598, 40.79391028, 38.40683659, 74.62747326, 32.62571116,
  63.95457429, 46.30897153, 40.95333734],
 [68.64856391, 48.91520016, 80.47111259, 26.77265239, 63.63871172,
  27.69777676, 48.0727725 , 17.94939944],
 [27.62316843, 48.51933123, 40.94014777, 70.22704171, 24.50148798,
  61.90826845, 47.93588463, 60.66257967],
 [59.86628498, 20.8890925 , 59.27810925, 47.67854545, 41.479886  ,
  71.48014254, 22.67333123, 60.42298805]]
['DRAM', 'GlobalBuffer', 'DummyBuffer', 'InputRegFile', 'WeightRegFile', 'PsumRegFile'] [1, 1, 16, 256, 256, 256, 256] [inf, 131072, 4, 12, 192, 16]
[1, 16, 16, 1, 1, 1]
[[ 33.24167672,  76.04619929,  43.22263773,  80.4074444 ,  79.38951309,
   81.34504924,  44.48890533,   8.84921242],
 [ 33.27710466,  43.59718031,  97.66296704,  24.04011773,  28.11977968,
   74.57184654,   2.22440382,  74.33209976],
 [ 63.45791256, 145.12394812,  16.44362724,  18.4443229 ,  36.64067479,
   45.61885791,  46.78860184, 104.568983  ],
 [ 33.42693517, 113.15987884,  73.90278954,  26.10125484,  64.17942079,
   26.10926982,  97.78614536,  15.34084544],
 [132.32005213,  40.09332758,  40.64573765,   9.04549125,  51.12569992,
   25.65426749,  68.14358639,  43.70827313],
 [  2.45650778,  33.46182987,  40.31791547,  36.17709659,  73.657322  ,
   81.13821772,  44.53960416,  18.33289848],
 [ 99.76026034,  25.52754854,   8.40360565,  30.25263343,  53.42497621,
   36.40000221,  42.71475006,  86.91453429],
 [ 38.01716391,  35.0718962 ,  48.14496259,  38.04167833,  30.2943991 ,
   65.75022522,  55.95619274,  81.6141365 ]]
['DRAM', 'GlobalBuffer', 'DummyBuffer', 'InputRegFile', 'WeightRegFile', 'PsumRegFile'] [1, 1, 16, 256, 256, 256, 256] [inf, 131072, 4, 12, 192, 16]
[1, 16, 16, 1, 1, 1]
[[ 89.34196901,  52.45966874,  67.1697229 ,  60.30044887,  65.46199635,
   78.8654579 ,  75.85775262,  32.76278518],
 [ 28.7331796 ,  63.82216015,  28.56881205,  28.44997646,  24.13812462,
   25.58745964,  42.04181234,  54.04440552],
 [ 45.133082  ,  44.6956204 ,  41.78399682,  71.27599092,  22.70544804,
   31.18517718,  42.42800332,  23.65218358],
 [ 82.69675726,  44.61749003,  10.55140004,  59.65390633,  73.18400464,
   78.09916158,  34.5182659 ,  52.97370726],
 [ 12.63815222,  62.67596051,  68.86169424,  78.60904617,  40.15979988,
   38.8674195 ,  62.95753771,  48.13719877],
 [ 24.00928312,  45.7624208 ,  41.55072719,  22.36618245,  77.73345767,
   36.00717634,  60.16750412,  40.8803969 ],
 [ 37.47115255,  14.98747743, 119.80633   ,  57.05808464,  56.20220146,
   36.20972864,  32.41873411,  29.41243006],
 [ 50.9754336 ,  47.94754991,  19.91322887,  62.26619617,  55.03442595,
   59.72153132,  71.38104891,  29.36801942]]
网络: transformer, 层数: 7
['DRAM', 'SMEM', 'RF', 'LRF'] [1, 1, 4, 1024, 1024] [inf, 262144, 2048, 1]
[1, 4, 256, 1]
[[ 71.56867487,  51.88076468,  30.14802763,  70.19249936,  26.35855854,
   34.23983389,  46.8750545 ,  62.72138622],
 [ 51.18454499,  35.33411758,  33.96306949,  41.78786262,  69.35715076,
   49.39630963,  35.51946694,  83.50950671],
 [ 50.19610396,  27.54382761, 141.2970675 ,  83.37441539,  43.12913491,
   88.28644768,  24.94237266,  43.4758275 ],
 [ 73.76728167,  26.87842469,  59.84336261,  48.954175  ,  19.93100018,
    9.43289218,  22.83688531, 130.8568975 ],
 [ 45.29346985,  30.7047849 ,  75.47303777,  38.38117627,  81.15646427,
   60.75290705,  84.47694771,  69.4543498 ],
 [ 26.48021927,  70.46930815,  55.88479892,  21.93198657,   7.82512112,
   57.89795359,  19.43220848,  30.27393462]]
['DRAM', 'SMEM', 'RF', 'LRF'] [1, 1, 4, 1024, 1024] [inf, 262144, 2048, 1]
[1, 4, 256, 1]
[[29.33654819, 41.83621196, 90.12954502, 65.95736335, 27.57588249,
  86.28892881, 96.2665047 , 66.04399271],
 [21.45240209, 59.51847012, 26.9591071 , 88.70738732, 92.5417006 ,
  18.23655127,  9.29141961, 84.05762912],
 [17.21691529, 74.45173893, 76.73539031, 51.326749  , 96.16094799,
  78.26611114, 56.1436603 , 56.94757204],
 [ 7.85092915, 31.45299441, 59.54627545, 83.22884687, 73.14719711,
  72.99890993, 22.30982038, 21.51564591],
 [95.41753973, 35.02476866, 29.0334722 , 78.09026638, 60.52471975,
  42.84674285,  5.12230077, 51.0802061 ],
 [11.9308129 , 41.26133535, 92.66184292, 73.08257472, 30.10172502,
  68.53295297,  5.15800814, 60.36018663]]
['DRAM', 'SMEM', 'RF', 'LRF'] [1, 1, 4, 1024, 1024] [inf, 262144, 2048, 1]
[1, 4, 256, 1]
[[ 78.23842937,  55.99621396,  41.90163414,  34.72022386,  50.97539062,
   37.93429057,  97.11182894,  58.56864256],
 [ 42.42752879,  46.23006073,  44.40664861,  87.68331256,  63.76565475,
   35.23643726,  29.75546581,   6.53009391],
 [ 45.88160577,  55.9617547 ,  41.50463695,  34.74883002,  51.11064708,
   37.99775245,  97.35799686,  58.46639811],
 [ 49.51495084,  39.69964327,  15.22130118,  97.79224298,  55.68098402,
  138.47160106,  33.5168086 ,  12.02275952],
 [ 51.72824175,  48.09971469, 115.6872216 , 103.49149025,  37.09733334,
   37.36319077,  33.09730436, 102.29595879],
 [ 61.42628736,  64.45691046,  33.83883973,  48.32856088,   7.48529046,
   70.20402158,  41.0227493 ,  87.10355534]]
['DRAM', 'GlobalBuffer', 'InputBuffer', 'WeightBuffer', 'AccumulationBuffer', 'Registers'] [1, 1, 16, 16, 16, 1024, 1024] [inf, 65536, 8192, 32768, 3072, 1]
[1, 16, 1, 1, 64, 1]
[[ 51.61272313, 129.89684988,  75.77098521,  32.44235688,  77.73108242,
   54.38758685,  43.73639068, 133.46736896],
 [ 36.64440109,  48.98816253,  48.63189818,  81.29338803, 177.25746309,
   30.41633906,  39.65356534,  60.93683585],
 [ 89.29912563,  62.14154257,  66.73118853,  42.45687834,  85.46503726,
   75.86300492,  36.2039896 ,  89.8095032 ],
 [ 47.4722933 ,  56.48013827,  43.60502096,  40.21167247,  10.54708641,
   96.01807615,  39.08467008,  21.80951159],
 [ 41.83793579,  46.95543986,  45.59649686,  37.77751715,  83.1474206 ,
   27.03395577,  89.15763316,  46.32999577],
 [ 53.33110273,  60.51629432,  59.25292212,  32.41302444,  64.40072311,
   62.31748902,  31.77843842,  61.52079962],
 [ 47.91833683,  58.92597511,  40.93620332,  87.16308905,  62.21775899,
   58.30429764,  59.89966742,  53.72105323],
 [ 60.77380834, 109.98999009,  49.11139288,  39.35383912,  59.68621224,
   43.56564442,  32.08212369,  46.63074726]]
['DRAM', 'GlobalBuffer', 'InputBuffer', 'WeightBuffer', 'AccumulationBuffer', 'Registers'] [1, 1, 16, 16, 16, 1024, 1024] [inf, 65536, 8192, 32768, 3072, 1]
[1, 16, 1, 1, 64, 1]
[[ 47.39960428,  78.37922998,  42.2356475 ,  47.01563898,  62.77274041,
   44.48530897,  38.94000928,  52.37246523],
 [ 48.19151059,  73.46549865,  65.63030708,  52.26078262,  56.63282251,
   73.46914738,  48.65448627, 113.40684843],
 [ 56.55712682,  41.03466436,  87.46664833,  80.14516043,  37.65765818,
   38.47704107,  91.8669524 ,  38.27080918],
 [ 63.06803802,  66.01543884,  31.97782544,  67.01634974,  69.21776385,
   69.40091153,  32.2274754 ,  32.09975864],
 [ 50.5467115 ,  48.58765711,  35.52344713,  62.89728089,  49.10145945,
   51.72898872,  59.63293833,  33.25189276],
 [ 71.18049834,  54.79802517,  51.91217731,  64.1176575 ,  54.15882458,
   58.64198139,  56.28372267,  60.85383746],
 [ 73.56985979,  74.75789281,  75.77118002,  40.27256065,  23.53100257,
   43.50559618,  55.87116686,  45.14451835],
 [ 43.42718091,  43.99295436,  44.11172622,  59.63702881,  54.92628506,
   19.26084969,  55.15800499,  40.75144074]]
['DRAM', 'GlobalBuffer', 'InputBuffer', 'WeightBuffer', 'AccumulationBuffer', 'Registers'] [1, 1, 16, 16, 16, 1024, 1024] [inf, 65536, 8192, 32768, 3072, 1]
[1, 16, 1, 1, 64, 1]
[[ 57.78811302,  59.24599105,  28.95874777,  58.92386847,  39.48516091,
   40.85945399,  66.08494349,  65.16816666],
 [ 20.64471446,  45.50478352,  31.57845419,  61.18563393, 118.72585267,
   98.7741979 ,  72.96042186,  55.59229727],
 [ 59.23284973,  73.59519217,  59.27649904,  51.11850839,  51.57093306,
   72.35594531,  37.87774119,  82.46824046],
 [ 72.73853376,  62.65831094,  56.6034018 ,  24.18390992,  54.14732156,
   81.23951624,  18.64070858,  71.36523197],
 [ 61.55921483,  25.87707001,  50.0070947 ,  44.56071666,  50.77521193,
   54.59411925,  67.04695676,  61.07263081],
 [ 72.9050437 ,  31.64445149,  86.00718893,  92.14667429,  50.34442518,
   60.43616824,  50.45348956,  86.30165286],
 [ 34.81031718,  63.06832135,  56.5011063 ,  55.84018315,  51.32745676,
   54.64618708,  47.51227149,  52.80683369],
 [ 22.7761827 ,  67.83201586,  67.83201586,  54.40108401,  61.6904129 ,
   41.68107382,  44.58262095,  22.7761827 ]]
['DRAM', 'GlobalBuffer', 'DummyBuffer', 'InputRegFile', 'WeightRegFile', 'PsumRegFile'] [1, 1, 16, 256, 256, 256, 256] [inf, 131072, 4, 12, 192, 16]
[1, 16, 16, 1, 1, 1]
[[ 72.90518398,  80.82326864,  54.76950944,  98.02943133,  83.31622589,
   70.50644107,  60.97852962,  65.50217885],
 [ 13.20561737,  14.10294719,  97.95883641,  44.37967855,  57.00540326,
   81.61042156,  76.96493656,  42.51574061],
 [ 24.50794309,  83.22193228,  56.45413772,  55.07343834,  41.8013193 ,
   48.18717194,  91.28625017,  86.61822679],
 [ 70.31464314,  52.7996036 ,  56.44580615,  73.75333263,  91.84996548,
   73.51358879,  44.83745063,  67.28095942],
 [ 40.60262882,  58.39168622,  72.18064399,  58.34999559,  24.11446384,
   56.54616889,  78.90083343,  93.67559992],
 [108.60521399,  32.364015  ,  35.60145781,  25.79387656,  64.39368342,
   29.94324572,  45.10592244,  54.5516868 ],
 [ 39.18809132,  46.82904283,  51.33066448,  46.36792608,  44.53713873,
   31.63097448,  23.36566715,  34.48145718],
 [ 64.4708297 ,  51.44330766,  51.71562174,  62.18969057,  29.03090275,
   33.78261955,  61.73276972,  38.17228161]]
['DRAM', 'GlobalBuffer', 'DummyBuffer', 'InputRegFile', 'WeightRegFile', 'PsumRegFile'] [1, 1, 16, 256, 256, 256, 256] [inf, 131072, 4, 12, 192, 16]
[1, 16, 16, 1, 1, 1]
[[ 45.53618463,  25.69039249,  33.95657462,  17.6082047 ,  38.87049275,
  141.60862015,   3.76391309,  20.30488731],
 [ 43.06889487,  46.22470335,  66.77860475,  30.7685228 ,  74.84235261,
   16.34034152,  87.50017968,  21.39918335],
 [120.19651521,  26.94362654,  75.00419383, 114.0333719 ,  32.74485213,
   35.50703655,  24.61835973,  51.41343564],
 [110.54096314,  39.70935372,  32.71605915,  43.59488626, 112.56136547,
   31.73483942,  45.74022912,  51.63594231],
 [ 46.65994071,  29.76257701,  29.99664498,  14.92338209,  46.79885515,
   61.06746933,  57.67856774,  49.44216929],
 [ 59.49358554,  50.25751332,  77.90776149,  34.12898231, 123.99744279,
   38.09937393,  49.7934222 ,  27.14978364],
 [ 13.74192585, 127.75154555,  41.47909313,  72.50837321,  30.95356496,
   17.54998819,  47.71250426,  32.50737517],
 [ 19.71488863,  60.47644594, 100.70231792, 151.48443735,  52.8970498 ,
   89.74585846, 148.21346706,  23.2054059 ]]
['DRAM', 'GlobalBuffer', 'DummyBuffer', 'InputRegFile', 'WeightRegFile', 'PsumRegFile'] [1, 1, 16, 256, 256, 256, 256] [inf, 131072, 4, 12, 192, 16]
[1, 16, 16, 1, 1, 1]
[[27.54917328, 44.97001599,  8.1474878 ,  8.22530626, 30.4948163 ,
  27.11653588, 19.68961409,  3.58223259],
 [ 4.09670278, 45.06031196, 10.01497124, 98.32944818, 99.43679142,
  50.75096685, 25.13245401,  2.8126112 ],
 [ 8.64341448, 77.44723877, 77.733392  ,  8.82206486, 95.28536958,
  24.41724553, 80.84013327, 32.65226942],
 [60.0054866 , 52.84543074, 70.03360373, 80.54651815, 21.47111825,
  59.10246843, 68.89898631, 76.13353847],
 [91.08057842, 84.06317726, 65.77661365, 48.21357295, 31.48676647,
   8.20461744, 58.402441  , 63.88047086],
 [60.37657056, 99.07734411, 77.60011383, 44.65977346,  6.99275951,
  94.68366032,  5.76663692, 58.35946013],
 [ 4.12525963, 51.39198438, 35.1552155 ,  3.49997723, 97.06954999,
   7.31359413, 65.83923616, 16.65245362],
 [94.94381199,  1.55881568, 51.85231883, 28.97054752, 76.11555885,
  27.55972965, 81.29452818,  7.7743518 ]]
网络: transformer, 层数: 8
['DRAM', 'SMEM', 'RF', 'LRF'] [1, 1, 4, 1024, 1024] [inf, 262144, 2048, 1]
[1, 4, 256, 1]
[[26.65583096, 63.72078637, 85.15980841, 35.68211233, 52.18541745,
  91.2129915 , 41.63400855, 34.52492099],
 [23.25715816, 10.22586357, 29.74477085, 42.51628173, 45.98370211,
  64.23489518,  3.18775829, 64.12133101],
 [66.75520738, 12.99747747, 18.75851957, 75.45405956, 24.75482263,
  39.24731136, 72.92308786, 47.25460812],
 [57.4845481 , 53.86969214, 27.68313665, 10.42339406, 57.66715499,
  74.04879221, 35.9112273 , 81.9354036 ],
 [27.5892184 , 45.94258801, 65.35430632, 42.54745802, 80.40945808,
   9.95584015, 91.88671503, 37.72044742],
 [68.56572596, 64.61270327, 74.36952508, 57.53586675, 38.66206546,
  51.57746557, 84.91989969,  3.33359747]]
['DRAM', 'SMEM', 'RF', 'LRF'] [1, 1, 4, 1024, 1024] [inf, 262144, 2048, 1]
[1, 4, 256, 1]
[[ 82.60676278,  79.23045022,   9.06530418,  11.36207247,  90.67521894,
   85.46137185,  23.78824578,   5.0195875 ],
 [ 23.00263503,  55.73760538,  90.65603788,  46.54355886,  17.28793422,
   10.14406466,  23.84455366, 102.81243751],
 [ 16.88548365,  46.48964982,  54.77527216,  11.28950848,  26.82018725,
   29.00212584,   8.37023472,  20.54510594],
 [104.36520342,  54.88223063,  18.42507649,  73.58019671,  32.93720182,
   73.86392643,  20.56788463,  29.69010676],
 [ 61.91273109,  21.03371475,  64.41359262,   4.25592995,  42.84221027,
    8.14548772,  12.4493931 ,   9.00103225],
 [ 73.68313487,  98.31780719,   9.85357832,  14.84109227,  11.66301349,
   34.22814593,  61.83915733,  15.30988785]]
['DRAM', 'SMEM', 'RF', 'LRF'] [1, 1, 4, 1024, 1024] [inf, 262144, 2048, 1]
[1, 4, 256, 1]
[[10.16275993, 72.99579159, 31.61084337, 70.38240222, 26.95162937,
  50.41116512, 22.86872044, 54.66151546],
 [40.25899298, 65.9078702 , 52.59977417, 70.68827577, 18.1491291 ,
  86.49903342, 95.95442188, 83.02420385],
 [72.65930298, 87.01034754, 48.47665655, 93.32024877, 61.5126023 ,
  45.39863182, 39.44141518, 44.19390801],
 [57.70561239, 63.78285516, 24.70393775, 55.60188034, 67.83132854,
  61.19647047, 52.29589354, 42.27991872],
 [41.41307607, 53.36949008, 43.38959699, 23.87214068, 65.48920721,
  54.0593798 ,  9.94626916,  2.08427432],
 [20.84155905, 47.86391819, 57.04591027, 47.13392824, 45.52603974,
  55.77188184, 87.33779115, 45.47703688]]
['DRAM', 'GlobalBuffer', 'InputBuffer', 'WeightBuffer', 'AccumulationBuffer', 'Registers'] [1, 1, 16, 16, 16, 1024, 1024] [inf, 65536, 8192, 32768, 3072, 1]
[1, 16, 1, 1, 64, 1]
[[ 15.75539459,  95.56230165,  65.29007404,  56.11824128,  44.72565565,
   18.27711764,  35.52432563,  86.39511334],
 [ 63.71454444,  69.31438339,  73.81517514, 114.1675665 , 119.19367895,
  124.55183217,  30.55856256,  46.20713407],
 [ 17.57671521,  54.42265765,  52.94990661,  34.46461445,  31.71968824,
   19.51265582,  40.83365433,  19.67070449],
 [ 41.84279061,  66.08175399,  72.60277332,  47.54215682,  29.36775664,
   79.5510712 ,  57.94577183,  39.87974771],
 [ 20.43490589,  41.53031128,  34.83910887,  78.80127121,  16.07296003,
   51.29800039,  57.83501425,  78.33981054],
 [ 29.1454846 ,  59.97035884,  33.43055238,  31.16097334,  30.17395301,
   77.61739644,  37.59979223,  33.0022918 ],
 [ 51.57968507,  60.08161064,  39.59255454,  84.8813008 ,  60.00881033,
   59.46535355,  25.67339848,  54.92180028],
 [ 66.87197229,  42.9075442 ,   9.42008214,  25.23082016,  37.62502361,
   55.12253091,  59.50658027,  33.30772985]]
['DRAM', 'GlobalBuffer', 'InputBuffer', 'WeightBuffer', 'AccumulationBuffer', 'Registers'] [1, 1, 16, 16, 16, 1024, 1024] [inf, 65536, 8192, 32768, 3072, 1]
[1, 16, 1, 1, 64, 1]
[[ 30.63958679,  62.52341015,   2.11081585,  37.58066593,  63.70351753,
   54.0703972 ,  72.48488926,  96.37265084],
 [139.94436535,  47.85656781,  22.34901867,  89.11835898,  95.82892258,
   62.07784202,   3.85544862,  99.39908336],
 [ 45.84892166,  45.30756058,  37.38529375,  25.94426733,  31.70724168,
   48.13063281,  13.72326455,  49.22315555],
 [ 33.83196921,  43.53781546,  51.17970234, 175.17671232,  99.41072368,
   87.56934992,  79.14462561,  27.46021165],
 [ 95.56545236,  29.32752438,  17.44073201,  88.49154518,  19.75469603,
   32.45726679,  22.30719619,  88.63063102],
 [ 67.56913566,  17.85478088,  70.5708245 ,   2.13223669,  46.36879125,
   67.68557029,  40.54852327,  51.2969256 ],
 [ 46.87390106,  59.23271815,  46.8785321 ,  28.70706396,  37.88185029,
   66.03279835,  47.96092888,  31.90661025],
 [  6.96056854,  60.83514491,  41.518113  ,  86.18118273,  52.85655858,
    5.20264806, 133.90409455,  39.20558751]]
['DRAM', 'GlobalBuffer', 'InputBuffer', 'WeightBuffer', 'AccumulationBuffer', 'Registers'] [1, 1, 16, 16, 16, 1024, 1024] [inf, 65536, 8192, 32768, 3072, 1]
[1, 16, 1, 1, 64, 1]
[[ 13.98468275,  21.91980778,  75.52857865,  88.57819574,  46.04477785,
   39.57646487,  44.67557506, 101.98564802],
 [ 62.57971345,  51.32600963,  35.28802882,  42.65762246, 106.44043915,
   39.99237855,  61.65921214,  42.4694646 ],
 [ 56.10671691,  78.36030025,  58.5259713 ,  69.52682611,  61.77093171,
   61.64981406,  74.94077135,  45.03534828],
 [ 41.53323209,  27.60317653,  62.11574195,  34.3637067 ,  34.02785954,
   64.59205509,  42.4647663 ,  28.6397188 ],
 [ 44.09902168,  49.57823527,  49.12795915,  72.68383558,  54.37950665,
   45.06969882,  43.21912615,  73.40476543],
 [ 35.23211439,  44.77818793,  32.42949836,  62.12187406,  41.97264451,
   44.60884557,  43.0802771 ,  63.99825195],
 [ 21.94536278,  49.65112795,  46.96251255,  72.11151835,  46.04416781,
   59.96555526,  62.52811117,  58.88349015],
 [ 67.69683975,  38.56697559,  48.23553372,  45.38775529,  48.464708  ,
   49.61001892,  38.25705755,  38.35063287]]
['DRAM', 'GlobalBuffer', 'DummyBuffer', 'InputRegFile', 'WeightRegFile', 'PsumRegFile'] [1, 1, 16, 256, 256, 256, 256] [inf, 131072, 4, 12, 192, 16]
[1, 16, 16, 1, 1, 1]
[[ 56.1582424 ,  87.85317695,  41.22854729,  66.07043791,   8.7335049 ,
   40.20450767,  62.21199709,  66.04815951],
 [ 62.867209  ,  21.12341095,  47.85703468,  29.35605839,  73.04174315,
   86.80413369,  85.05274195,  89.37821847],
 [ 80.48116527,  31.20842149,  70.75503441,  50.9665688 ,  39.6131155 ,
   43.64755583,  45.08751939,  50.08786248],
 [ 92.71740716,  87.12865593,  70.21764684,  87.75023171, 106.7120463 ,
   96.44980578,  28.77177255,  63.73496684],
 [ 72.84969444,  12.53483252,  87.11611817,  22.54502326,  13.35978106,
   34.42185399,  30.80449531,  24.91166073],
 [ 54.70961705,  94.3310247 ,  62.19586462,  71.60426867,  85.13783745,
   43.69605522,  53.7120696 ,  47.44009939],
 [ 59.30670685,  40.92087508,  60.75583459,  36.89390906,  18.03095356,
   39.26400092,  54.40417957,  88.90966477],
 [ 45.01779994,  67.82764223,  34.84631969,  71.58499622,  21.04762068,
   53.95163272,  93.42093572,  41.14971565]]
['DRAM', 'GlobalBuffer', 'DummyBuffer', 'InputRegFile', 'WeightRegFile', 'PsumRegFile'] [1, 1, 16, 256, 256, 256, 256] [inf, 131072, 4, 12, 192, 16]
[1, 16, 16, 1, 1, 1]
[[ 92.42102313,  10.25215378,   1.09321466,  42.55453003,  87.22035742,
   40.99995792,  32.06311057,  63.83125256],
 [ 33.30731862,  55.41072424,  25.61720622,  40.79347197,   1.29650172,
   98.03193229,  69.64923659,  46.73495742],
 [ 25.50508871,  84.83005755,  29.34857617,  79.75017167,   3.6560838 ,
    5.80167719,  73.57934933, 136.34914657],
 [ 38.71484567,  64.18554654,  97.99503907,  22.41306747,  75.14302021,
   47.03415874,  98.07878056,  45.73554515],
 [ 28.76267499,  78.56186092,  62.12935575,  16.7800149 ,  37.93176737,
   35.76405825,  99.58474144, 116.597484  ],
 [ 75.59469957,  30.71657371,  62.18666251,  81.77491431, 130.4148569 ,
    4.9542308 ,  45.11264404,  74.69418578],
 [ 58.84520947,  23.20724915,  49.91299693,  81.98614212,   2.27787324,
   43.70661017,  89.73173838,  34.96933849],
 [ 36.76882946, 114.45316446,  62.47725486,   7.79086267,  11.06778496,
   42.16418058,  21.47450163,  61.64397594]]
['DRAM', 'GlobalBuffer', 'DummyBuffer', 'InputRegFile', 'WeightRegFile', 'PsumRegFile'] [1, 1, 16, 256, 256, 256, 256] [inf, 131072, 4, 12, 192, 16]
[1, 16, 16, 1, 1, 1]
[[ 11.39680931,  43.15945006,  76.94176235,   1.8239149 ,  49.41249858,
   10.82221928, 127.35251875,  62.36660418],
 [ 81.89079309,  30.23193899,  68.88366417,  17.87179726,  15.60346441,
   69.30049761,  72.79409243,  24.65960745],
 [ 73.71380231,  61.44311283,  48.81629117,  18.63549572,  70.38746645,
   60.63200139,  32.14825002,  76.04716688],
 [ 18.96659333,  12.26084359,  25.0703459 ,  41.80739022,  78.12766066,
   73.94342962,  24.63271798,  95.92431447],
 [ 91.09327446,   3.5284401 ,  13.55468217,  88.5570401 ,  48.53763116,
   51.95405502,  32.53285272,  42.93183337],
 [ 62.26476371,  92.83971085,  15.56512113,  30.22087202,  22.00743868,
   39.62551163,  15.61204618,  77.52040216],
 [ 85.9850131 ,   5.75447649,  73.93167773,  72.40813597,  59.97407292,
   59.44395068,  58.46006857,  28.30596135],
 [ 49.64195645,  27.42466333,  56.16490978,  22.97429378,  63.5285972 ,
   30.63989262,  92.83620548,  24.91479968]]
